version 3
run CloudMARL-0-20260710-23:16:47-19772
attr configname CloudMARL
attr datetime 20260710-23:16:47
attr datetimef 20260710-231647
attr experiment CloudMARL
attr inifile omnetpp.ini
attr iterationvars ""
attr iterationvarsd ""
attr iterationvarsf ""
attr measurement ""
attr network marlwsn.MarlWsnNetwork
attr processid 19772
attr repetition 0
attr replication #0
attr resultdir results
attr runnumber 0
attr seedset 42
config description "Cloud-assisted MARL; global decision latency is included"
config extends MARL
config *.controller.cloudMode true
config description "Proposed local multi-agent Q-learning with MERA-MST fusion"
config *.controller.routingMode "\"marl\""
config *.controller.cloudMode false
config network marlwsn.MarlWsnNetwork
config qtenv-default-config MARL
config sim-time-limit 101s
config seed-set 42
config cmdenv-express-mode true
config cmdenv-status-frequency 10s
config record-eventlog false
config output-vector-file results/CloudMARL-0.vec
config output-scalar-file results/CloudMARL-0.sca
config **.vector-recording true
config **.scalar-recording true
config *.numNodes 100
config *.node[*].initialEnergy 100
config *.controller.numEpisodes 100
config *.controller.activeSourcesPerEpisode 4
config *.controller.areaWidth 100
config *.controller.areaHeight 100
config *.controller.areaDepth 0
config *.controller.communicationRange 18
config *.controller.placementMode "\"jitteredGrid\""
config *.controller.initialEnergy 100
config *.controller.sensingEnergyCost 0.1
config *.controller.multiHopEnergyCost 2
config *.controller.sinkEnergyCost 8
config *.controller.localDecisionEnergyCost 0.05
config *.controller.packetBits 1024
config *.controller.bitRate 250kbps
config *.controller.processingDelay 1ms
config *.controller.localDecisionDelay 1ms
config *.controller.cloudDecisionDelay 15ms
config *.controller.leachSetupDelay 40ms
config *.controller.episodeLength 1s
config *.controller.sourceStagger 10ms
config *.controller.maxHops 10
config *.controller.minimumSignalIntegrity 0.70
config *.controller.maxAttenuationPerHop 0.04
config *.controller.learningRate 0.25
config *.controller.discountFactor 0.90
config *.controller.initialEpsilon 0.30
config *.controller.minimumEpsilon 0.05
config *.controller.epsilonDecay 0.97
config *.controller.fusionLambda 0.65
config *.controller.extraCandidateNeighbors 6
config *.controller.qWeight 0.025
config *.controller.hotspotWeight 0.12
config *.controller.clusterHeadFraction 0.10

vector 0 MarlWsnNetwork.controller meanSoC ETV
vector 1 MarlWsnNetwork.controller SoCVariance ETV
vector 2 MarlWsnNetwork.controller aliveNodes ETV
vector 3 MarlWsnNetwork.controller deliveryRatio ETV
vector 4 MarlWsnNetwork.controller meanEndToEndDelay ETV
vector 5 MarlWsnNetwork.controller meanHopCount ETV
vector 6 MarlWsnNetwork.controller totalReward ETV
vector 7 MarlWsnNetwork.controller epsilon ETV
0	24	1	99.396
0	56	2	98.612
0	85	3	97.888
0	114	4	97.164
0	149	5	96.32
0	182	6	95.516
0	214	7	94.732
0	252	8	93.828
0	288	9	92.964
0	313	10	92.32
0	344	11	91.556
0	367	12	90.952
0	388	13	90.388
0	420	14	89.604
0	456	15	88.74
0	490	16	87.916
0	516	17	87.252
0	548	18	86.468
0	581	19	85.664
0	603	20	85.08
0	633	21	84.336
0	660	22	83.652
0	694	23	82.828
0	723	24	82.104
0	755	25	81.32
0	782	26	80.636
0	803	27	80.072
0	825	28	79.488
0	853	29	78.784
0	881	30	78.08
0	919	31	77.176
0	948	32	76.452
0	972	33	75.828
0	1003	34	75.064
0	1031	35	74.36
0	1066	36	73.516
0	1100	37	72.692
0	1124	38	72.068
0	1154	39	71.324
0	1189	40	70.48
0	1220	41	69.716
0	1256	42	68.852
0	1280	43	68.228
0	1311	44	67.464
0	1347	45	66.6
0	1382	46	65.756
0	1405	47	65.152
0	1444	48	64.228
0	1473	49	63.504
0	1502	50	62.78
0	1534	51	61.996
0	1560	52	61.332
0	1587	53	60.648
0	1609	54	60.064
0	1633	55	59.44
0	1664	56	58.676
0	1694	57	57.932
0	1725	58	57.168
0	1755	59	56.424
0	1778	60	55.82
0	1809	61	55.056
0	1840	62	54.292
0	1861	63	53.728
0	1896	64	52.884
0	1924	65	52.18
0	1954	66	51.436
0	1981	67	50.752
0	2014	68	49.948
0	2041	69	49.264
0	2062	70	48.7
0	2088	71	48.036
0	2126	72	47.132
0	2164	73	46.228
0	2186	74	45.644
0	2216	75	44.9
0	2239	76	44.296
0	2273	77	43.472
0	2306	78	42.668
0	2337	79	41.904
0	2362	80	41.26
0	2386	81	40.636
0	2409	82	40.032
0	2442	83	39.228
0	2475	84	38.424
0	2504	85	37.7
0	2533	86	36.976
0	2560	87	36.292
0	2591	88	35.528
0	2623	89	34.744
0	2651	90	34.04
0	2684	91	33.236
0	2704	92	32.692
0	2740	93	31.828
0	2763	94	31.224
0	2791	95	30.52
0	2823	96	29.736
0	2849	97	29.072
0	2879	98	28.328
0	2904	99	27.684
0	2940	100	26.82
1	24	1	10.965236363636
1	56	2	21.161874747475
1	85	3	32.861672727273
1	114	4	41.55061010101
1	149	5	49.20404040404
1	182	6	59.022973737374
1	214	7	65.462197979798
1	252	8	74.014561616162
1	288	9	80.13263030303
1	313	10	86.225454545455
1	344	11	90.966933333333
1	367	12	94.513632323232
1	388	13	98.045511111111
1	420	14	101.50240808081
1	456	15	103.57292929293
1	490	16	102.66923636364
1	516	17	103.6108040404
1	548	18	102.94926868687
1	581	19	101.16717575758
1	603	20	104.53212121212
1	633	21	105.31424646465
1	660	22	103.47262222222
1	694	23	103.77274343434
1	723	24	102.37048888889
1	755	25	100.46949494949
1	782	26	100.23040808081
1	803	27	100.78425858586
1	825	28	98.073187878788
1	853	29	96.336913131313
1	881	30	98.814949494949
1	919	31	95.793357575758
1	948	32	94.508783838384
1	972	33	90.848703030303
1	1003	34	85.720509090909
1	1031	35	82.638181818182
1	1066	36	78.368832323232
1	1100	37	75.557511111111
1	1124	38	75.488460606061
1	1154	39	73.723660606061
1	1189	40	73.20202020202
1	1220	41	69.205802020202
1	1256	42	67.796864646465
1	1280	43	65.816783838384
1	1311	44	65.818892929293
1	1347	45	62.923838383838
1	1382	46	62.324913131313
1	1405	47	59.277066666667
1	1444	48	58.721026262626
1	1473	49	56.568872727273
1	1502	50	53.817171717172
1	1534	51	50.829478787879
1	1560	52	50.590884848485
1	1587	53	50.943935353535
1	1609	54	51.47061010101
1	1633	55	50.032121212121
1	1664	56	52.208105050505
1	1694	57	52.630884848485
1	1725	58	55.317551515151
1	1755	59	57.498004040404
1	1778	60	59.192323232323
1	1809	61	60.872185858586
1	1840	62	62.040945454545
1	1861	63	63.594561616162
1	1896	64	64.890246464646
1	1924	65	67.959797979798
1	1954	66	70.917680808081
1	1981	67	71.668581818182
1	2014	68	71.535652525253
1	2041	69	70.444145454545
1	2062	70	70.894141414141
1	2088	71	73.412024242424
1	2126	72	75.580177777778
1	2164	73	73.403046464646
1	2186	74	73.507943434343
1	2216	75	72.274747474747
1	2239	76	72.515135353535
1	2273	77	73.634965656566
1	2306	78	70.971692929293
1	2337	79	70.184428282828
1	2362	80	68.463838383838
1	2386	81	67.742327272727
1	2409	82	66.036137373737
1	2442	83	65.451127272727
1	2475	84	62.359822222222
1	2504	85	59.499393939394
1	2533	86	60.757802020202
1	2560	87	60.299733333333
1	2591	88	61.057995959596
1	2623	89	59.126933333333
1	2651	90	60.346060606061
1	2684	91	60.255660606061
1	2704	92	59.875288888889
1	2740	93	56.721026262626
1	2763	94	56.599418181818
1	2791	95	58.267272727273
1	2823	96	58.955862626263
1	2849	97	59.288501010101
1	2879	98	59.004662626263
1	2904	99	58.326408080808
1	2940	100	57.025050505051
2	24	1	100
2	56	2	100
2	85	3	100
2	114	4	100
2	149	5	100
2	182	6	100
2	214	7	100
2	252	8	100
2	288	9	100
2	313	10	100
2	344	11	100
2	367	12	100
2	388	13	100
2	420	14	100
2	456	15	100
2	490	16	100
2	516	17	100
2	548	18	100
2	581	19	100
2	603	20	100
2	633	21	100
2	660	22	100
2	694	23	100
2	723	24	100
2	755	25	100
2	782	26	100
2	803	27	100
2	825	28	100
2	853	29	100
2	881	30	100
2	919	31	100
2	948	32	100
2	972	33	100
2	1003	34	100
2	1031	35	100
2	1066	36	100
2	1100	37	100
2	1124	38	100
2	1154	39	100
2	1189	40	100
2	1220	41	100
2	1256	42	100
2	1280	43	100
2	1311	44	100
2	1347	45	100
2	1382	46	100
2	1405	47	100
2	1444	48	100
2	1473	49	100
2	1502	50	100
2	1534	51	100
2	1560	52	100
2	1587	53	100
2	1609	54	100
2	1633	55	100
2	1664	56	100
2	1694	57	100
2	1725	58	100
2	1755	59	100
2	1778	60	100
2	1809	61	100
2	1840	62	100
2	1861	63	100
2	1896	64	100
2	1924	65	100
2	1954	66	100
2	1981	67	100
2	2014	68	100
2	2041	69	100
2	2062	70	100
2	2088	71	100
2	2126	72	100
2	2164	73	100
2	2186	74	100
2	2216	75	100
2	2239	76	100
2	2273	77	100
2	2306	78	100
2	2337	79	100
2	2362	80	100
2	2386	81	100
2	2409	82	100
2	2442	83	100
2	2475	84	100
2	2504	85	100
2	2533	86	100
2	2560	87	100
2	2591	88	100
2	2623	89	100
2	2651	90	100
2	2684	91	100
2	2704	92	100
2	2740	93	100
2	2763	94	100
2	2791	95	100
2	2823	96	100
2	2849	97	100
2	2879	98	100
2	2904	99	100
2	2940	100	100
3	24	1	1
3	56	2	1
3	85	3	1
3	114	4	1
3	149	5	1
3	182	6	1
3	214	7	1
3	252	8	1
3	288	9	1
3	313	10	1
3	344	11	1
3	367	12	1
3	388	13	1
3	420	14	1
3	456	15	1
3	490	16	1
3	516	17	1
3	548	18	1
3	581	19	1
3	603	20	1
3	633	21	1
3	660	22	1
3	694	23	1
3	723	24	1
3	755	25	1
3	782	26	1
3	803	27	1
3	825	28	1
3	853	29	1
3	881	30	1
3	919	31	1
3	948	32	1
3	972	33	1
3	1003	34	1
3	1031	35	1
3	1066	36	1
3	1100	37	1
3	1124	38	1
3	1154	39	1
3	1189	40	1
3	1220	41	1
3	1256	42	1
3	1280	43	1
3	1311	44	1
3	1347	45	1
3	1382	46	1
3	1405	47	1
3	1444	48	1
3	1473	49	1
3	1502	50	1
3	1534	51	1
3	1560	52	1
3	1587	53	1
3	1609	54	1
3	1633	55	1
3	1664	56	1
3	1694	57	1
3	1725	58	1
3	1755	59	1
3	1778	60	1
3	1809	61	1
3	1840	62	1
3	1861	63	1
3	1896	64	1
3	1924	65	1
3	1954	66	1
3	1981	67	1
3	2014	68	1
3	2041	69	1
3	2062	70	1
3	2088	71	1
3	2126	72	1
3	2164	73	1
3	2186	74	1
3	2216	75	1
3	2239	76	1
3	2273	77	1
3	2306	78	1
3	2337	79	1
3	2362	80	1
3	2386	81	1
3	2409	82	1
3	2442	83	1
3	2475	84	1
3	2504	85	1
3	2533	86	1
3	2560	87	1
3	2591	88	1
3	2623	89	1
3	2651	90	1
3	2684	91	1
3	2704	92	1
3	2740	93	1
3	2763	94	1
3	2791	95	1
3	2823	96	1
3	2849	97	1
3	2879	98	1
3	2904	99	1
3	2940	100	1
4	24	1	0.052932192781
4	56	2	0.06449431737275
4	85	3	0.06057629638575
4	114	4	0.060576305507
4	149	5	0.0682203686195
4	182	6	0.06586441082875
4	214	7	0.0656243788605
4	252	8	0.07326844664525
4	288	9	0.069590445503
4	313	10	0.0555763807295
4	344	11	0.06439845500225
4	367	12	0.05415841241075
4	388	13	0.052836376088
4	420	14	0.064494576199
4	456	15	0.070768607873
4	490	16	0.06817259075225
4	516	17	0.060432479399
4	548	18	0.0644466474685
4	581	19	0.065672614901
4	603	20	0.0516582837335
4	633	21	0.06199460198825
4	660	22	0.058028352135
4	694	23	0.06694643129725
4	723	24	0.0605765289
4	755	25	0.064446619196
4	782	26	0.0580763038675
4	803	27	0.0504323719995
4	825	28	0.0517065000055
4	853	29	0.06062446922725
4	881	30	0.0607205452725
4	919	31	0.07331666207925
4	948	32	0.06057640696925
4	972	33	0.056610127438
4	1003	34	0.0631245472035
4	1031	35	0.05944643825625
4	1066	36	0.0682683814935
4	1100	37	0.07062454115625
4	1124	38	0.0542064987
4	1154	39	0.06185037676875
4	1189	40	0.0682685474945
4	1220	41	0.06312444503575
4	1256	42	0.069542549189
4	1280	43	0.05651435116125
4	1311	44	0.0643505314945
4	1347	45	0.06954262467025
4	1382	46	0.070624326171
4	1405	47	0.054110433388
4	1444	48	0.07331661817975
4	1473	49	0.0607205253305
4	1502	50	0.060720562902
4	1534	51	0.06562447815475
4	1560	52	0.05798034183825
4	1587	53	0.05802828733125
4	1609	54	0.0517063726855
4	1633	55	0.0542064921825
4	1664	56	0.064350335585
4	1694	57	0.063220265662
4	1725	58	0.063220289945
4	1755	59	0.061994409087
4	1778	60	0.0541584012845
4	1809	61	0.0643505494945
4	1840	62	0.0631244627925
4	1861	63	0.05038440839225
4	1896	64	0.068268663784
4	1924	65	0.0593022810195
4	1954	66	0.061850387255
4	1981	67	0.0581245211625
4	2014	68	0.06822040324275
4	2041	69	0.0593025195505
4	2062	70	0.0504322651765
4	2088	71	0.056754545678
4	2126	72	0.07213849274225
4	2164	73	0.0720906980115
4	2186	74	0.05170634562175
4	2216	75	0.06185039154225
4	2239	76	0.05293235008425
4	2273	77	0.0669466201315
4	2306	78	0.06572034265325
4	2337	79	0.0643024591865
4	2362	80	0.05670641583925
4	2386	81	0.055480213883
4	2409	82	0.054350263061
4	2442	83	0.0656726494645
4	2475	84	0.06581666913
4	2504	85	0.06057660064125
4	2533	86	0.060624297758
4	2560	87	0.05920627427925
4	2591	88	0.06435057048525
4	2623	89	0.064542429383
4	2651	90	0.05930231311025
4	2684	91	0.065720461876
4	2704	92	0.04915820849075
4	2740	93	0.06954251740425
4	2763	94	0.05307653538925
4	2791	95	0.05935050341075
4	2823	96	0.06439856991925
4	2849	97	0.05675438935925
4	2879	98	0.061946495353
4	2904	99	0.0554804665885
4	2940	100	0.07072039702225
5	24	1	4.5
5	56	2	6.75
5	85	3	6
5	114	4	6
5	149	5	7.5
5	182	6	7
5	214	7	6.75
5	252	8	8.25
5	288	9	7.75
5	313	10	5
5	344	11	6.5
5	367	12	4.5
5	388	13	4
5	420	14	6.75
5	456	15	7.75
5	490	16	7.25
5	516	17	5.25
5	548	18	6.75
5	581	19	7
5	603	20	4.25
5	633	21	6.25
5	660	22	5.5
5	694	23	7.25
5	723	24	6
5	755	25	6.75
5	782	26	5.5
5	803	27	4
5	825	28	4.25
5	853	29	5.75
5	881	30	5.75
5	919	31	8.25
5	948	32	6
5	972	33	4.75
5	1003	34	6.5
5	1031	35	5.75
5	1066	36	7.5
5	1100	37	7.25
5	1124	38	4.75
5	1154	39	6.25
5	1189	40	7.5
5	1220	41	6.5
5	1256	42	7.75
5	1280	43	4.75
5	1311	44	6.5
5	1347	45	7.75
5	1382	46	7.5
5	1405	47	4.5
5	1444	48	8.5
5	1473	49	6
5	1502	50	6
5	1534	51	6.75
5	1560	52	5.25
5	1587	53	5.5
5	1609	54	4.25
5	1633	55	4.75
5	1664	56	6.5
5	1694	57	6.25
5	1725	58	6.5
5	1755	59	6.25
5	1778	60	4.5
5	1809	61	6.5
5	1840	62	6.5
5	1861	63	4
5	1896	64	7.5
5	1924	65	5.75
5	1954	66	6.25
5	1981	67	5.5
5	2014	68	7
5	2041	69	5.5
5	2062	70	4
5	2088	71	5.25
5	2126	72	8.25
5	2164	73	8.25
5	2186	74	4.25
5	2216	75	6.25
5	2239	76	4.5
5	2273	77	7.25
5	2306	78	7
5	2337	79	6.5
5	2362	80	5
5	2386	81	4.75
5	2409	82	4.5
5	2442	83	7
5	2475	84	7
5	2504	85	6
5	2533	86	6
5	2560	87	5.5
5	2591	88	6.5
5	2623	89	6.75
5	2651	90	5.75
5	2684	91	7
5	2704	92	3.75
5	2740	93	7.75
5	2763	94	4.5
5	2791	95	5.75
5	2823	96	6.75
5	2849	97	5.25
5	2879	98	6.25
5	2904	99	5
5	2940	100	7.75
6	24	1	167
6	56	2	240
6	85	3	173
6	114	4	199
6	149	5	237
6	182	6	211
6	214	7	178
6	252	8	132
6	288	9	148
6	313	10	135
6	344	11	111
6	367	12	135
6	388	13	99
6	420	14	168
6	456	15	138
6	490	16	150
6	516	17	110
6	548	18	134
6	581	19	157
6	603	20	100
6	633	21	122
6	660	22	111
6	694	23	122
6	723	24	123
6	755	25	132
6	782	26	115
6	803	27	89
6	825	28	92
6	853	29	110
6	881	30	106
6	919	31	136
6	948	32	125
6	972	33	98
6	1003	34	117
6	1031	35	114
6	1066	36	125
6	1100	37	130
6	1124	38	108
6	1154	39	116
6	1189	40	139
6	1220	41	123
6	1256	42	128
6	1280	43	106
6	1311	44	107
6	1347	45	130
6	1382	46	119
6	1405	47	103
6	1444	48	129
6	1473	49	109
6	1502	50	119
6	1534	51	118
6	1560	52	108
6	1587	53	103
6	1609	54	92
6	1633	55	98
6	1664	56	105
6	1694	57	116
6	1725	58	109
6	1755	59	112
6	1778	60	93
6	1809	61	119
6	1840	62	109
6	1861	63	89
6	1896	64	125
6	1924	65	100
6	1954	66	100
6	1981	67	99
6	2014	68	119
6	2041	69	109
6	2062	70	85
6	2088	71	94
6	2126	72	124
6	2164	73	130
6	2186	74	92
6	2216	75	112
6	2239	76	91
6	2273	77	110
6	2306	78	127
6	2337	79	121
6	2362	80	105
6	2386	81	100
6	2409	82	97
6	2442	83	117
6	2475	84	123
6	2504	85	109
6	2533	86	97
6	2560	87	105
6	2591	88	97
6	2623	89	120
6	2651	90	94
6	2684	91	115
6	2704	92	80
6	2740	93	136
6	2763	94	89
6	2791	95	106
6	2823	96	110
6	2849	97	98
6	2879	98	106
6	2904	99	95
6	2940	100	130
7	24	1	0.3
7	56	2	0.291
7	85	3	0.28227
7	114	4	0.2738019
7	149	5	0.265587843
7	182	6	0.25762020771
7	214	7	0.2498916014787
7	252	8	0.24239485343434
7	288	9	0.23512300783131
7	313	10	0.22806931759637
7	344	11	0.22122723806848
7	367	12	0.21459042092642
7	388	13	0.20815270829863
7	420	14	0.20190812704967
7	456	15	0.19585088323818
7	490	16	0.18997535674104
7	516	17	0.18427609603881
7	548	18	0.17874781315764
7	581	19	0.17338537876291
7	603	20	0.16818381740002
7	633	21	0.16313830287802
7	660	22	0.15824415379168
7	694	23	0.15349682917793
7	723	24	0.14889192430259
7	755	25	0.14442516657352
7	782	26	0.14009241157631
7	803	27	0.13588963922902
7	825	28	0.13181295005215
7	853	29	0.12785856155059
7	881	30	0.12402280470407
7	919	31	0.12030212056295
7	948	32	0.11669305694606
7	972	33	0.11319226523768
7	1003	34	0.10979649728055
7	1031	35	0.10650260236213
7	1066	36	0.10330752429127
7	1100	37	0.10020829856253
7	1124	38	0.097202049605653
7	1154	39	0.094285988117483
7	1189	40	0.091457408473958
7	1220	41	0.08871368621974
7	1256	42	0.086052275633148
7	1280	43	0.083470707364153
7	1311	44	0.080966586143229
7	1347	45	0.078537588558932
7	1382	46	0.076181460902164
7	1405	47	0.073896017075099
7	1444	48	0.071679136562846
7	1473	49	0.06952876246596
7	1502	50	0.067442899591982
7	1534	51	0.065419612604222
7	1560	52	0.063457024226096
7	1587	53	0.061553313499313
7	1609	54	0.059706714094333
7	1633	55	0.057915512671503
7	1664	56	0.056178047291358
7	1694	57	0.054492705872617
7	1725	58	0.052857924696439
7	1755	59	0.051272186955546
7	1778	60	0.05
7	1809	61	0.05
7	1840	62	0.05
7	1861	63	0.05
7	1896	64	0.05
7	1924	65	0.05
7	1954	66	0.05
7	1981	67	0.05
7	2014	68	0.05
7	2041	69	0.05
7	2062	70	0.05
7	2088	71	0.05
7	2126	72	0.05
7	2164	73	0.05
7	2186	74	0.05
7	2216	75	0.05
7	2239	76	0.05
7	2273	77	0.05
7	2306	78	0.05
7	2337	79	0.05
7	2362	80	0.05
7	2386	81	0.05
7	2409	82	0.05
7	2442	83	0.05
7	2475	84	0.05
7	2504	85	0.05
7	2533	86	0.05
7	2560	87	0.05
7	2591	88	0.05
7	2623	89	0.05
7	2651	90	0.05
7	2684	91	0.05
7	2704	92	0.05
7	2740	93	0.05
7	2763	94	0.05
7	2791	95	0.05
7	2823	96	0.05
7	2849	97	0.05
7	2879	98	0.05
7	2904	99	0.05
7	2940	100	0.05

