version 3
run LEACH-0-20260710-23:16:47-4840
attr configname LEACH
attr datetime 20260710-23:16:47
attr datetimef 20260710-231647
attr experiment LEACH
attr inifile omnetpp.ini
attr iterationvars ""
attr iterationvarsd ""
attr iterationvarsf ""
attr measurement ""
attr network marlwsn.MarlWsnNetwork
attr processid 4840
attr repetition 0
attr replication #0
attr resultdir results
attr runnumber 0
attr seedset 42
config description "Simplified LEACH baseline with rotating cluster heads"
config *.controller.routingMode "\"leach\""
config *.controller.cloudMode false
config network marlwsn.MarlWsnNetwork
config qtenv-default-config MARL
config sim-time-limit 101s
config seed-set 42
config cmdenv-express-mode true
config cmdenv-status-frequency 10s
config record-eventlog false
config output-vector-file results/LEACH-0.vec
config output-scalar-file results/LEACH-0.sca
config **.vector-recording true
config **.scalar-recording true
config *.numNodes 100
config *.node[*].initialEnergy 100
config *.controller.numEpisodes 100
config *.controller.activeSourcesPerEpisode 4
config *.controller.areaWidth 100
config *.controller.areaHeight 100
config *.controller.areaDepth 0
config *.controller.communicationRange 18
config *.controller.placementMode "\"jitteredGrid\""
config *.controller.initialEnergy 100
config *.controller.sensingEnergyCost 0.1
config *.controller.multiHopEnergyCost 2
config *.controller.sinkEnergyCost 8
config *.controller.localDecisionEnergyCost 0.05
config *.controller.packetBits 1024
config *.controller.bitRate 250kbps
config *.controller.processingDelay 1ms
config *.controller.localDecisionDelay 1ms
config *.controller.cloudDecisionDelay 15ms
config *.controller.leachSetupDelay 40ms
config *.controller.episodeLength 1s
config *.controller.sourceStagger 10ms
config *.controller.maxHops 10
config *.controller.minimumSignalIntegrity 0.70
config *.controller.maxAttenuationPerHop 0.04
config *.controller.learningRate 0.25
config *.controller.discountFactor 0.90
config *.controller.initialEpsilon 0.30
config *.controller.minimumEpsilon 0.05
config *.controller.epsilonDecay 0.97
config *.controller.fusionLambda 0.65
config *.controller.extraCandidateNeighbors 6
config *.controller.qWeight 0.025
config *.controller.hotspotWeight 0.12
config *.controller.clusterHeadFraction 0.10

vector 0 MarlWsnNetwork.controller meanSoC ETV
vector 1 MarlWsnNetwork.controller SoCVariance ETV
vector 2 MarlWsnNetwork.controller aliveNodes ETV
vector 3 MarlWsnNetwork.controller deliveryRatio ETV
vector 4 MarlWsnNetwork.controller meanEndToEndDelay ETV
vector 5 MarlWsnNetwork.controller meanHopCount ETV
vector 6 MarlWsnNetwork.controller totalReward ETV
vector 7 MarlWsnNetwork.controller epsilon ETV
0	14	1	99.596
0	28	2	99.172
0	44	3	98.708
0	57	4	98.304
0	71	5	97.88
0	85	6	97.456
0	100	7	97.012
0	116	8	96.548
0	132	9	96.084
0	148	10	95.62
0	162	11	95.196
0	178	12	94.732
0	192	13	94.308
0	206	14	93.884
0	217	15	93.52
0	231	16	93.096
0	244	17	92.692
0	260	18	92.228
0	276	19	91.764
0	290	20	91.34
0	304	21	90.916
0	320	22	90.452
0	337	23	89.968
0	352	24	89.524
0	365	25	89.12
0	381	26	88.656
0	393	27	88.272
0	412	28	87.748
0	429	29	87.264
0	444	30	86.82
0	461	31	86.336
0	478	32	85.852
0	492	33	85.428
0	508	34	84.964
0	523	35	84.52
0	539	36	84.056
0	553	37	83.632
0	567	38	83.208
0	581	39	82.784
0	597	40	82.32
0	611	41	81.896
0	626	42	81.452
0	642	43	80.988
0	656	44	80.564
0	672	45	80.1
0	688	46	79.636
0	700	47	79.252
0	714	48	78.828
0	727	49	78.424
0	747	50	77.88
0	762	51	77.436
0	778	52	76.972
0	798	53	76.428
0	813	54	75.984
0	829	55	75.52
0	847	56	75.016
0	860	57	74.612
0	874	58	74.188
0	889	59	73.744
0	903	60	73.32
0	915	61	72.936
0	930	62	72.492
0	945	63	72.048
0	960	64	71.604
0	976	65	71.14
0	990	66	70.716
0	1009	67	70.192
0	1024	68	69.748
0	1037	69	69.344
0	1055	70	68.84
0	1069	71	68.416
0	1086	72	67.932
0	1101	73	67.488
0	1120	74	66.964
0	1133	75	66.56
0	1146	76	66.156
0	1161	77	65.712
0	1176	78	65.268
0	1189	79	64.864
0	1205	80	64.4
0	1220	81	63.956
0	1233	82	63.552
0	1247	83	63.128
0	1262	84	62.684
0	1276	85	62.26
0	1288	86	61.876
0	1306	87	61.372
0	1321	88	60.928
0	1335	89	60.504
0	1350	90	60.06
0	1366	91	59.596
0	1381	92	59.152
0	1394	93	58.748
0	1408	94	58.324
0	1421	95	57.92
0	1436	96	57.476
0	1449	97	57.072
0	1461	98	56.688
0	1474	99	56.311
0	1489	100	55.867
1	14	1	2.5991757575758
1	28	2	6.1810262626263
1	44	3	11.983773737374
1	57	4	17.758771717172
1	71	5	24.250101010101
1	85	6	27.335822222222
1	100	7	29.416824242424
1	116	8	31.837672727273
1	132	9	37.346812121212
1	148	10	40.974343434343
1	162	11	46.823418181818
1	178	12	49.792501010101
1	192	13	59.378319191919
1	206	14	64.730044444444
1	217	15	67.901818181818
1	231	16	76.946044444445
1	244	17	81.535288888889
1	260	18	83.713147474747
1	276	19	82.595458585859
1	290	20	86.951919191919
1	304	21	93.013882828283
1	320	22	99.721309090909
1	337	23	105.68118787879
1	352	24	105.39376161616
1	365	25	115.39454545455
1	381	26	121.27056969697
1	393	27	131.50627878788
1	412	28	133.11363232323
1	429	29	136.39343838384
1	444	30	136.23818181818
1	461	31	142.91747878788
1	478	32	142.93444040404
1	492	33	150.02122828283
1	508	34	154.21808484848
1	523	35	155.98
1	539	36	155.37097373737
1	553	37	161.69613737374
1	567	38	174.96175353535
1	581	39	183.84883232323
1	597	40	190.3595959596
1	611	41	192.0618020202
1	626	42	193.08837979798
1	642	43	194.56086464646
1	656	44	205.24434747475
1	672	45	208.43333333333
1	688	46	214.83303434343
1	700	47	210.6699959596
1	714	48	222.90122828283
1	727	49	221.41355959596
1	747	50	222.80222222222
1	762	51	219.69747878788
1	778	52	235.43031919192
1	798	53	237.49920808081
1	813	54	240.71186262626
1	829	55	244.63858585859
1	847	56	256.3557010101
1	860	57	272.75541010101
1	874	58	271.33035959596
1	889	59	273.27784242424
1	903	60	288.63717171717
1	915	61	290.29061010101
1	930	62	299.35448080808
1	945	63	308.3106020202
1	960	64	302.8712969697
1	976	65	299.02444444444
1	990	66	317.0458020202
1	1009	67	324.41347070707
1	1024	68	329.2899959596
1	1037	69	334.46935757576
1	1055	70	333.85434343434
1	1069	71	344.65044848485
1	1086	72	348.30138989899
1	1101	73	358.6546020202
1	1120	74	357.14273131313
1	1133	75	360.92686868687
1	1146	76	366.48996363636
1	1161	77	366.09823838384
1	1176	78	364.90078383838
1	1189	79	371.32879191919
1	1205	80	367.62929292929
1	1220	81	376.4432969697
1	1233	82	371.15363232323
1	1247	83	365.28163232323
1	1262	84	366.25489292929
1	1276	85	375.93474747475
1	1288	86	367.12143838384
1	1306	87	379.32688484848
1	1321	88	391.60648080808
1	1335	89	386.84503434343
1	1350	90	384.82646464646
1	1366	91	396.8411959596
1	1381	92	401.64837979798
1	1394	93	410.93625858586
1	1408	94	419.37537777778
1	1421	95	442.31494949495
1	1436	96	448.41073131313
1	1449	97	462.13678383838
1	1461	98	455.08490505051
1	1474	99	465.72603939394
1	1489	100	456.87597070707
2	14	1	100
2	28	2	100
2	44	3	100
2	57	4	100
2	71	5	100
2	85	6	100
2	100	7	100
2	116	8	100
2	132	9	100
2	148	10	100
2	162	11	100
2	178	12	100
2	192	13	100
2	206	14	100
2	217	15	100
2	231	16	100
2	244	17	100
2	260	18	100
2	276	19	100
2	290	20	100
2	304	21	100
2	320	22	100
2	337	23	100
2	352	24	100
2	365	25	100
2	381	26	100
2	393	27	100
2	412	28	100
2	429	29	100
2	444	30	100
2	461	31	100
2	478	32	100
2	492	33	100
2	508	34	100
2	523	35	100
2	539	36	100
2	553	37	100
2	567	38	100
2	581	39	100
2	597	40	100
2	611	41	100
2	626	42	100
2	642	43	100
2	656	44	100
2	672	45	100
2	688	46	100
2	700	47	100
2	714	48	100
2	727	49	100
2	747	50	100
2	762	51	100
2	778	52	100
2	798	53	100
2	813	54	100
2	829	55	100
2	847	56	100
2	860	57	100
2	874	58	100
2	889	59	100
2	903	60	100
2	915	61	100
2	930	62	100
2	945	63	100
2	960	64	100
2	976	65	100
2	990	66	100
2	1009	67	100
2	1024	68	100
2	1037	69	100
2	1055	70	100
2	1069	71	100
2	1086	72	100
2	1101	73	100
2	1120	74	100
2	1133	75	100
2	1146	76	100
2	1161	77	100
2	1176	78	100
2	1189	79	100
2	1205	80	100
2	1220	81	100
2	1233	82	100
2	1247	83	100
2	1262	84	100
2	1276	85	100
2	1288	86	100
2	1306	87	100
2	1321	88	100
2	1335	89	100
2	1350	90	100
2	1366	91	100
2	1381	92	100
2	1394	93	100
2	1408	94	100
2	1421	95	100
2	1436	96	100
2	1449	97	100
2	1461	98	100
2	1474	99	99
2	1489	100	99
3	14	1	1
3	28	2	1
3	44	3	1
3	57	4	1
3	71	5	1
3	85	6	1
3	100	7	1
3	116	8	1
3	132	9	1
3	148	10	1
3	162	11	1
3	178	12	1
3	192	13	1
3	206	14	1
3	217	15	1
3	231	16	1
3	244	17	1
3	260	18	1
3	276	19	1
3	290	20	1
3	304	21	1
3	320	22	1
3	337	23	1
3	352	24	1
3	365	25	1
3	381	26	1
3	393	27	1
3	412	28	1
3	429	29	1
3	444	30	1
3	461	31	1
3	478	32	1
3	492	33	1
3	508	34	1
3	523	35	1
3	539	36	1
3	553	37	1
3	567	38	1
3	581	39	1
3	597	40	1
3	611	41	1
3	626	42	1
3	642	43	1
3	656	44	1
3	672	45	1
3	688	46	1
3	700	47	1
3	714	48	1
3	727	49	1
3	747	50	1
3	762	51	1
3	778	52	1
3	798	53	1
3	813	54	1
3	829	55	1
3	847	56	1
3	860	57	1
3	874	58	1
3	889	59	1
3	903	60	1
3	915	61	1
3	930	62	1
3	945	63	1
3	960	64	1
3	976	65	1
3	990	66	1
3	1009	67	1
3	1024	68	1
3	1037	69	1
3	1055	70	1
3	1069	71	1
3	1086	72	1
3	1101	73	1
3	1120	74	1
3	1133	75	1
3	1146	76	1
3	1161	77	1
3	1176	78	1
3	1189	79	1
3	1205	80	1
3	1220	81	1
3	1233	82	1
3	1247	83	1
3	1262	84	1
3	1276	85	1
3	1288	86	1
3	1306	87	1
3	1321	88	1
3	1335	89	1
3	1350	90	1
3	1366	91	1
3	1381	92	1
3	1394	93	1
3	1408	94	1
3	1421	95	1
3	1436	96	1
3	1449	97	1
3	1461	98	1
3	1474	99	0.75
3	1489	100	1
4	14	1	0.0651922947595
4	28	2	0.06646625838225
4	44	3	0.06901429808775
4	57	4	0.0651922595765
4	71	5	0.06646620090525
4	85	6	0.06646629752425
4	100	7	0.06774031699075
4	116	8	0.0690142758325
4	132	9	0.06906235503375
4	148	10	0.06901437376625
4	162	11	0.0664662181715
4	178	12	0.0691104031555
4	192	13	0.0665142908535
4	206	14	0.06646626559225
4	217	15	0.0626441567665
4	231	16	0.06651429648425
4	244	17	0.0651922585675
4	260	18	0.069014346731
4	276	19	0.06901430611375
4	290	20	0.0664662558235
4	304	21	0.066466332682
4	320	22	0.06901438713825
4	337	23	0.070288281558
4	352	24	0.06774021456
4	365	25	0.0651922547295
4	381	26	0.069014344575
4	393	27	0.063918258062
4	412	28	0.072836266366
4	429	29	0.0702883132625
4	444	30	0.06774027032475
4	461	31	0.071514383274
4	478	32	0.070288288384
4	492	33	0.0664662758995
4	508	34	0.06901432773575
4	523	35	0.0677403570795
4	539	36	0.06901426116825
4	553	37	0.0665143383475
4	567	38	0.0664662653485
4	581	39	0.0664663203285
4	597	40	0.069014274039
4	611	41	0.06646628058625
4	626	42	0.06778835825425
4	642	43	0.06901433239375
4	656	44	0.066466365179
4	672	45	0.06901427727375
4	688	46	0.06901427722975
4	700	47	0.0639662305295
4	714	48	0.06646625203575
4	727	49	0.06519221203625
4	747	50	0.0741103627785
4	762	51	0.0677884093385
4	778	52	0.06901433330325
4	798	53	0.0753843033205
4	813	54	0.06774026532375
4	829	55	0.06901422636
4	847	56	0.071562316341
4	860	57	0.0651922640195
4	874	58	0.0664663000355
4	889	59	0.0677402393085
4	903	60	0.067692259682
4	915	61	0.06391824340825
4	930	62	0.06774033775825
4	945	63	0.0677403951985
4	960	64	0.06774031032925
4	976	65	0.06901428163475
4	990	66	0.06646630446625
4	1009	67	0.0728363341835
4	1024	68	0.06778829710275
4	1037	69	0.06519229267025
4	1055	70	0.07161023673025
4	1069	71	0.06646637390325
4	1086	72	0.07028834288
4	1101	73	0.06778822321275
4	1120	74	0.072836351713
4	1133	75	0.0651922961215
4	1146	76	0.065192251935
4	1161	77	0.0677402511635
4	1176	78	0.0677402834645
4	1189	79	0.06519220079
4	1205	80	0.06901431890775
4	1220	81	0.06774022200275
4	1233	82	0.06519227330375
4	1247	83	0.0664661953725
4	1262	84	0.067740324874
4	1276	85	0.0664663277325
4	1288	86	0.063966389788
4	1306	87	0.07156228142625
4	1321	88	0.06774028277225
4	1335	89	0.0664663408575
4	1350	90	0.0677403073355
4	1366	91	0.06901427231875
4	1381	92	0.0677883275365
4	1394	93	0.065192228369
4	1408	94	0.06646631206125
4	1421	95	0.06519223561825
4	1436	96	0.067740233372
4	1449	97	0.06519231327325
4	1461	98	0.06391813307025
4	1474	99	0.061890977839333
4	1489	100	0.067740280694
5	14	1	2
5	28	2	2.25
5	44	3	2.75
5	57	4	2
5	71	5	2.25
5	85	6	2.25
5	100	7	2.5
5	116	8	2.75
5	132	9	2.75
5	148	10	2.75
5	162	11	2.25
5	178	12	2.75
5	192	13	2.25
5	206	14	2.25
5	217	15	1.5
5	231	16	2.25
5	244	17	2
5	260	18	2.75
5	276	19	2.75
5	290	20	2.25
5	304	21	2.25
5	320	22	2.75
5	337	23	3
5	352	24	2.5
5	365	25	2
5	381	26	2.75
5	393	27	1.75
5	412	28	3.5
5	429	29	3
5	444	30	2.5
5	461	31	3
5	478	32	3
5	492	33	2.25
5	508	34	2.75
5	523	35	2.5
5	539	36	2.75
5	553	37	2.25
5	567	38	2.25
5	581	39	2.25
5	597	40	2.75
5	611	41	2.25
5	626	42	2.5
5	642	43	2.75
5	656	44	2.25
5	672	45	2.75
5	688	46	2.75
5	700	47	1.75
5	714	48	2.25
5	727	49	2
5	747	50	3.75
5	762	51	2.5
5	778	52	2.75
5	798	53	3.75
5	813	54	2.5
5	829	55	2.75
5	847	56	3.25
5	860	57	2
5	874	58	2.25
5	889	59	2.5
5	903	60	2.25
5	915	61	1.75
5	930	62	2.5
5	945	63	2.5
5	960	64	2.5
5	976	65	2.75
5	990	66	2.25
5	1009	67	3.5
5	1024	68	2.5
5	1037	69	2
5	1055	70	3.25
5	1069	71	2.25
5	1086	72	3
5	1101	73	2.5
5	1120	74	3.5
5	1133	75	2
5	1146	76	2
5	1161	77	2.5
5	1176	78	2.5
5	1189	79	2
5	1205	80	2.75
5	1220	81	2.5
5	1233	82	2
5	1247	83	2.25
5	1262	84	2.5
5	1276	85	2.25
5	1288	86	1.75
5	1306	87	3.25
5	1321	88	2.5
5	1335	89	2.25
5	1350	90	2.5
5	1366	91	2.75
5	1381	92	2.5
5	1394	93	2
5	1408	94	2.25
5	1421	95	2
5	1436	96	2.5
5	1449	97	2
5	1461	98	1.75
5	1474	99	2.3333333333333
5	1489	100	2.5
6	14	1	93
6	28	2	100
6	44	3	116
6	57	4	89
6	71	5	94
6	85	6	98
6	100	7	109
6	116	8	116
6	132	9	110
6	148	10	114
6	162	11	96
6	178	12	104
6	192	13	88
6	206	14	90
6	217	15	71
6	231	16	82
6	244	17	79
6	260	18	92
6	276	19	108
6	290	20	94
6	304	21	92
6	320	22	84
6	337	23	103
6	352	24	99
6	365	25	89
6	381	26	94
6	393	27	72
6	412	28	111
6	429	29	111
6	444	30	105
6	461	31	97
6	478	32	103
6	492	33	72
6	508	34	84
6	523	35	85
6	539	36	108
6	553	37	78
6	567	38	78
6	581	39	64
6	597	40	84
6	611	41	76
6	626	42	77
6	642	43	82
6	656	44	70
6	672	45	82
6	688	46	82
6	700	47	74
6	714	48	70
6	727	49	73
6	747	50	86
6	762	51	83
6	778	52	72
6	798	53	86
6	813	54	77
6	829	55	78
6	847	56	86
6	860	57	75
6	874	58	78
6	889	59	69
6	903	60	68
6	915	61	72
6	930	62	69
6	945	63	67
6	960	64	77
6	976	65	80
6	990	66	64
6	1009	67	83
6	1024	68	73
6	1037	69	71
6	1055	70	82
6	1069	71	62
6	1086	72	79
6	1101	73	69
6	1120	74	85
6	1133	75	71
6	1146	76	63
6	1161	77	73
6	1176	78	81
6	1189	79	67
6	1205	80	78
6	1220	81	65
6	1233	82	69
6	1247	83	72
6	1262	84	77
6	1276	85	64
6	1288	86	66
6	1306	87	70
6	1321	88	65
6	1335	89	72
6	1350	90	73
6	1366	91	66
6	1381	92	71
6	1394	93	63
6	1408	94	66
6	1421	95	61
6	1436	96	65
6	1449	97	65
6	1461	98	66
6	1474	99	49
6	1489	100	79
7	14	1	0.3
7	28	2	0.291
7	44	3	0.28227
7	57	4	0.2738019
7	71	5	0.265587843
7	85	6	0.25762020771
7	100	7	0.2498916014787
7	116	8	0.24239485343434
7	132	9	0.23512300783131
7	148	10	0.22806931759637
7	162	11	0.22122723806848
7	178	12	0.21459042092642
7	192	13	0.20815270829863
7	206	14	0.20190812704967
7	217	15	0.19585088323818
7	231	16	0.18997535674104
7	244	17	0.18427609603881
7	260	18	0.17874781315764
7	276	19	0.17338537876291
7	290	20	0.16818381740002
7	304	21	0.16313830287802
7	320	22	0.15824415379168
7	337	23	0.15349682917793
7	352	24	0.14889192430259
7	365	25	0.14442516657352
7	381	26	0.14009241157631
7	393	27	0.13588963922902
7	412	28	0.13181295005215
7	429	29	0.12785856155059
7	444	30	0.12402280470407
7	461	31	0.12030212056295
7	478	32	0.11669305694606
7	492	33	0.11319226523768
7	508	34	0.10979649728055
7	523	35	0.10650260236213
7	539	36	0.10330752429127
7	553	37	0.10020829856253
7	567	38	0.097202049605653
7	581	39	0.094285988117483
7	597	40	0.091457408473958
7	611	41	0.08871368621974
7	626	42	0.086052275633148
7	642	43	0.083470707364153
7	656	44	0.080966586143229
7	672	45	0.078537588558932
7	688	46	0.076181460902164
7	700	47	0.073896017075099
7	714	48	0.071679136562846
7	727	49	0.06952876246596
7	747	50	0.067442899591982
7	762	51	0.065419612604222
7	778	52	0.063457024226096
7	798	53	0.061553313499313
7	813	54	0.059706714094333
7	829	55	0.057915512671503
7	847	56	0.056178047291358
7	860	57	0.054492705872617
7	874	58	0.052857924696439
7	889	59	0.051272186955546
7	903	60	0.05
7	915	61	0.05
7	930	62	0.05
7	945	63	0.05
7	960	64	0.05
7	976	65	0.05
7	990	66	0.05
7	1009	67	0.05
7	1024	68	0.05
7	1037	69	0.05
7	1055	70	0.05
7	1069	71	0.05
7	1086	72	0.05
7	1101	73	0.05
7	1120	74	0.05
7	1133	75	0.05
7	1146	76	0.05
7	1161	77	0.05
7	1176	78	0.05
7	1189	79	0.05
7	1205	80	0.05
7	1220	81	0.05
7	1233	82	0.05
7	1247	83	0.05
7	1262	84	0.05
7	1276	85	0.05
7	1288	86	0.05
7	1306	87	0.05
7	1321	88	0.05
7	1335	89	0.05
7	1350	90	0.05
7	1366	91	0.05
7	1381	92	0.05
7	1394	93	0.05
7	1408	94	0.05
7	1421	95	0.05
7	1436	96	0.05
7	1449	97	0.05
7	1461	98	0.05
7	1474	99	0.05
7	1489	100	0.05

