version 3
run Paper3D-0-20260710-23:14:09-23476
attr configname Paper3D
attr datetime 20260710-23:14:09
attr datetimef 20260710-231409
attr experiment Paper3D
attr inifile omnetpp.ini
attr iterationvars ""
attr iterationvarsd ""
attr iterationvarsf ""
attr measurement ""
attr network marlwsn.MarlWsnNetwork
attr processid 23476
attr repetition 0
attr replication #0
attr resultdir results
attr runnumber 0
attr seedset 42
config description "100-node 10x10x10 scenario from Table II"
config extends MARL
config *.controller.areaWidth 10
config *.controller.areaHeight 10
config *.controller.areaDepth 10
config *.controller.communicationRange 3.2
config description "Proposed local multi-agent Q-learning with MERA-MST fusion"
config *.controller.routingMode "\"marl\""
config *.controller.cloudMode false
config network marlwsn.MarlWsnNetwork
config qtenv-default-config MARL
config sim-time-limit 101s
config seed-set 42
config cmdenv-express-mode true
config cmdenv-status-frequency 10s
config record-eventlog false
config output-vector-file results/Paper3D-0.vec
config output-scalar-file results/Paper3D-0.sca
config **.vector-recording true
config **.scalar-recording true
config *.numNodes 100
config *.node[*].initialEnergy 100
config *.controller.numEpisodes 100
config *.controller.activeSourcesPerEpisode 4
config *.controller.areaWidth 100
config *.controller.areaHeight 100
config *.controller.areaDepth 0
config *.controller.communicationRange 18
config *.controller.placementMode "\"jitteredGrid\""
config *.controller.initialEnergy 100
config *.controller.sensingEnergyCost 0.1
config *.controller.multiHopEnergyCost 2
config *.controller.sinkEnergyCost 8
config *.controller.localDecisionEnergyCost 0.05
config *.controller.packetBits 1024
config *.controller.bitRate 250kbps
config *.controller.processingDelay 1ms
config *.controller.localDecisionDelay 1ms
config *.controller.cloudDecisionDelay 15ms
config *.controller.episodeLength 1s
config *.controller.sourceStagger 10ms
config *.controller.maxHops 10
config *.controller.minimumSignalIntegrity 0.70
config *.controller.maxAttenuationPerHop 0.04
config *.controller.learningRate 0.25
config *.controller.discountFactor 0.90
config *.controller.initialEpsilon 0.30
config *.controller.minimumEpsilon 0.05
config *.controller.epsilonDecay 0.97
config *.controller.fusionLambda 0.65
config *.controller.extraCandidateNeighbors 6
config *.controller.qWeight 0.025
config *.controller.hotspotWeight 0.12
config *.controller.clusterHeadFraction 0.10

vector 0 MarlWsnNetwork.controller meanSoC ETV
vector 1 MarlWsnNetwork.controller SoCVariance ETV
vector 2 MarlWsnNetwork.controller aliveNodes ETV
vector 3 MarlWsnNetwork.controller deliveryRatio ETV
vector 4 MarlWsnNetwork.controller meanEndToEndDelay ETV
vector 5 MarlWsnNetwork.controller meanHopCount ETV
vector 6 MarlWsnNetwork.controller totalReward ETV
vector 7 MarlWsnNetwork.controller epsilon ETV
0	25	1	99.3685
0	48	2	98.7575
0	68	3	98.208
0	91	4	97.597
0	113	5	97.0065
0	136	6	96.3955
0	160	7	95.764
0	187	8	95.071
0	210	9	94.46
0	229	10	93.931
0	257	11	93.2175
0	278	12	92.6475
0	302	13	92.016
0	326	14	91.3845
0	348	15	90.794
0	368	16	90.2445
0	388	17	89.695
0	411	18	89.084
0	436	19	88.432
0	455	20	87.903
0	481	21	87.2305
0	513	22	86.435
0	533	23	85.8855
0	553	24	85.336
0	574	25	84.766
0	598	26	84.1345
0	624	27	83.462
0	643	28	82.933
0	661	29	82.4245
0	683	30	81.834
0	703	31	81.2845
0	727	32	80.653
0	754	33	79.96
0	781	34	79.267
0	802	35	78.697
0	827	36	78.045
0	852	37	77.393
0	876	38	76.7615
0	900	39	76.13
0	926	40	75.4575
0	948	41	74.867
0	974	42	74.1945
0	995	43	73.6245
0	1014	44	73.0955
0	1035	45	72.5255
0	1053	46	72.017
0	1075	47	71.4265
0	1094	48	70.8975
0	1113	49	70.3685
0	1131	50	69.86
0	1151	51	69.3105
0	1173	52	68.72
0	1194	53	68.15
0	1213	54	67.621
0	1234	55	67.051
0	1254	56	66.5015
0	1271	57	66.0135
0	1289	58	65.505
0	1306	59	65.017
0	1328	60	64.4265
0	1348	61	63.877
0	1368	62	63.3275
0	1389	63	62.7575
0	1411	64	62.167
0	1435	65	61.5355
0	1454	66	61.0065
0	1473	67	60.4775
0	1494	68	59.9075
0	1519	69	59.2555
0	1544	70	58.6035
0	1568	71	57.972
0	1590	72	57.3815
0	1607	73	56.8935
0	1629	74	56.303
0	1649	75	55.7535
0	1671	76	55.163
0	1694	77	54.552
0	1717	78	53.941
0	1740	79	53.33
0	1761	80	52.76
0	1781	81	52.2105
0	1799	82	51.702
0	1825	83	51.0295
0	1848	84	50.4185
0	1873	85	49.7665
0	1896	86	49.1555
0	1924	87	48.442
0	1948	88	47.8105
0	1968	89	47.261
0	1993	90	46.609
0	2011	91	46.1005
0	2035	92	45.469
0	2057	93	44.8785
0	2078	94	44.3085
0	2101	95	43.6975
0	2120	96	43.1685
0	2135	97	42.7215
0	2158	98	42.1105
0	2185	99	41.4175
0	2210	100	40.7655
1	25	1	10.594326010101
1	48	2	23.386685606061
1	68	3	33.391349494949
1	91	4	42.962364646465
1	113	5	53.364275505051
1	136	6	61.269802777778
1	160	7	71.243943434343
1	187	8	78.804504040404
1	210	9	88.761161616162
1	229	10	96.217867676768
1	257	11	102.90203914141
1	278	12	108.59956439394
1	302	13	114.3654989899
1	326	14	121.17286338384
1	348	15	124.60996363636
1	368	16	128.00590378788
1	388	17	132.14184343434
1	411	18	135.66191313131
1	436	19	137.62295555556
1	455	20	136.99696060606
1	481	21	137.36701489899
1	513	22	141.47835858586
1	533	23	142.88309570707
1	553	24	142.49040808081
1	574	25	142.18499393939
1	598	26	139.61993409091
1	624	27	137.38379393939
1	643	28	138.07031414141
1	661	29	139.27093409091
1	683	30	138.08120606061
1	703	31	134.49139873737
1	727	32	131.62499090909
1	754	33	129.87282828283
1	781	34	127.16521313131
1	802	35	128.16973838384
1	827	36	125.51068181818
1	852	37	124.00626363636
1	876	38	122.21691186869
1	900	39	120.65813131313
1	926	40	119.07178661616
1	948	41	118.32925353535
1	974	42	116.19171186869
1	995	43	112.30901489899
1	1014	44	110.25308560606
1	1035	45	108.58709570707
1	1053	46	108.04723333333
1	1075	47	106.51431590909
1	1094	48	103.91607954545
1	1113	49	102.77250782828
1	1131	50	101.43838383838
1	1151	51	102.26653005051
1	1173	52	98.824646464647
1	1194	53	95.23494949495
1	1213	54	93.626019191919
1	1234	55	89.362524242424
1	1254	56	85.41916439394
1	1271	57	85.380093686869
1	1289	58	84.132853535354
1	1306	59	83.087637373737
1	1328	60	79.142548232323
1	1348	61	76.305980808081
1	1368	62	72.592796717172
1	1389	63	69.331281565657
1	1411	64	65.49693030303
1	1435	65	63.323247222222
1	1454	66	62.873063383839
1	1473	67	61.736281565657
1	1494	68	61.759867424243
1	1519	69	58.986762373737
1	1544	70	56.127487626263
1	1568	71	54.257086868687
1	1590	72	51.766295707071
1	1607	73	52.700285606061
1	1629	74	53.004990909091
1	1649	75	54.213548232323
1	1671	76	54.702051515152
1	1694	77	54.676006060606
1	1717	78	56.808756565657
1	1740	79	59.160050505051
1	1761	80	59.763484848485
1	1781	81	60.787742171717
1	1799	82	62.163783838384
1	1825	83	61.666216919192
1	1848	84	62.823164393939
1	1873	85	63.526770454545
1	1896	86	64.689540151515
1	1924	87	64.666501010101
1	1948	88	65.253449242424
1	1968	89	68.164322222222
1	1993	90	69.042746464646
1	2011	91	69.553307828283
1	2035	92	69.480847474747
1	2057	93	69.852386616162
1	2078	94	70.965608838384
1	2101	95	72.344867424242
1	2120	96	72.810083585859
1	2135	97	74.607942171717
1	2158	98	74.533802777778
1	2185	99	73.344968434343
1	2210	100	73.085742171717
2	25	1	100
2	48	2	100
2	68	3	100
2	91	4	100
2	113	5	100
2	136	6	100
2	160	7	100
2	187	8	100
2	210	9	100
2	229	10	100
2	257	11	100
2	278	12	100
2	302	13	100
2	326	14	100
2	348	15	100
2	368	16	100
2	388	17	100
2	411	18	100
2	436	19	100
2	455	20	100
2	481	21	100
2	513	22	100
2	533	23	100
2	553	24	100
2	574	25	100
2	598	26	100
2	624	27	100
2	643	28	100
2	661	29	100
2	683	30	100
2	703	31	100
2	727	32	100
2	754	33	100
2	781	34	100
2	802	35	100
2	827	36	100
2	852	37	100
2	876	38	100
2	900	39	100
2	926	40	100
2	948	41	100
2	974	42	100
2	995	43	100
2	1014	44	100
2	1035	45	100
2	1053	46	100
2	1075	47	100
2	1094	48	100
2	1113	49	100
2	1131	50	100
2	1151	51	100
2	1173	52	100
2	1194	53	100
2	1213	54	100
2	1234	55	100
2	1254	56	100
2	1271	57	100
2	1289	58	100
2	1306	59	100
2	1328	60	100
2	1348	61	100
2	1368	62	100
2	1389	63	100
2	1411	64	100
2	1435	65	100
2	1454	66	100
2	1473	67	100
2	1494	68	100
2	1519	69	100
2	1544	70	100
2	1568	71	100
2	1590	72	100
2	1607	73	100
2	1629	74	100
2	1649	75	100
2	1671	76	100
2	1694	77	100
2	1717	78	100
2	1740	79	100
2	1761	80	100
2	1781	81	100
2	1799	82	100
2	1825	83	100
2	1848	84	100
2	1873	85	100
2	1896	86	100
2	1924	87	100
2	1948	88	100
2	1968	89	100
2	1993	90	100
2	2011	91	100
2	2035	92	100
2	2057	93	100
2	2078	94	100
2	2101	95	100
2	2120	96	100
2	2135	97	100
2	2158	98	100
2	2185	99	100
2	2210	100	100
3	25	1	1
3	48	2	1
3	68	3	1
3	91	4	1
3	113	5	1
3	136	6	1
3	160	7	1
3	187	8	1
3	210	9	1
3	229	10	1
3	257	11	1
3	278	12	1
3	302	13	1
3	326	14	1
3	348	15	1
3	368	16	1
3	388	17	1
3	411	18	1
3	436	19	1
3	455	20	1
3	481	21	1
3	513	22	1
3	533	23	1
3	553	24	1
3	574	25	1
3	598	26	1
3	624	27	1
3	643	28	1
3	661	29	1
3	683	30	1
3	703	31	1
3	727	32	1
3	754	33	1
3	781	34	1
3	802	35	1
3	827	36	1
3	852	37	1
3	876	38	1
3	900	39	1
3	926	40	1
3	948	41	1
3	974	42	1
3	995	43	1
3	1014	44	1
3	1035	45	1
3	1053	46	1
3	1075	47	1
3	1094	48	1
3	1113	49	1
3	1131	50	1
3	1151	51	1
3	1173	52	1
3	1194	53	1
3	1213	54	1
3	1234	55	1
3	1254	56	1
3	1271	57	1
3	1289	58	1
3	1306	59	1
3	1328	60	1
3	1348	61	1
3	1368	62	1
3	1389	63	1
3	1411	64	1
3	1435	65	1
3	1454	66	1
3	1473	67	1
3	1494	68	1
3	1519	69	1
3	1544	70	1
3	1568	71	1
3	1590	72	1
3	1607	73	1
3	1629	74	1
3	1649	75	1
3	1671	76	1
3	1694	77	1
3	1717	78	1
3	1740	79	1
3	1761	80	1
3	1781	81	1
3	1799	82	1
3	1825	83	1
3	1848	84	1
3	1873	85	1
3	1896	86	1
3	1924	87	1
3	1948	88	1
3	1968	89	1
3	1993	90	1
3	2011	91	1
3	2035	92	1
3	2057	93	1
3	2078	94	1
3	2101	95	1
3	2120	96	1
3	2135	97	1
3	2158	98	1
3	2185	99	1
3	2210	100	1
4	25	1	0.04020603265675
4	48	2	0.03898003434825
4	68	3	0.03511002862425
4	91	4	0.039028038705
4	113	5	0.038932031298
4	136	6	0.0426100275905
4	160	7	0.04025404588
4	187	8	0.0440280494755
4	210	9	0.03898004424025
4	229	10	0.03388403635875
4	257	11	0.0465760481665
4	278	12	0.03643204220425
4	302	13	0.04020604931675
4	326	14	0.04020605077375
4	348	15	0.03780205758925
4	368	16	0.0351580491895
4	388	17	0.0351580497635
4	411	18	0.03893205370225
4	436	19	0.0415760638745
4	455	20	0.03506204816525
4	481	21	0.042754066758
4	513	22	0.050446080109
4	533	23	0.035158060288
4	553	24	0.03525404213475
4	574	25	0.036480057896
4	598	26	0.04143206313925
4	624	27	0.046432058726
4	643	28	0.03383604880325
4	661	29	0.03261005077975
4	683	30	0.0376580581335
4	703	31	0.03638405508
4	727	32	0.040206062731
4	754	33	0.04402807550725
4	781	34	0.0440280725075
4	802	35	0.03902804858
4	827	36	0.04152806857625
4	852	37	0.0415280526135
4	876	38	0.04148004365075
4	900	39	0.0402060652845
4	926	40	0.04275406888975
4	948	41	0.037658045086
4	974	42	0.042802071193
4	995	43	0.0378020558385
4	1014	44	0.03525405220075
4	1035	45	0.03893203990925
4	1053	46	0.03256205195525
4	1075	47	0.03765804261025
4	1094	48	0.03511004247775
4	1113	49	0.03398006080825
4	1131	50	0.03256202889625
4	1151	51	0.03515803167
4	1173	52	0.0378020482425
4	1194	53	0.03765805018125
4	1213	54	0.0338840451815
4	1234	55	0.03638404315825
4	1254	56	0.03511004780625
4	1271	57	0.031288047452
4	1289	58	0.03261005288825
4	1306	59	0.031336036087
4	1328	60	0.0388840436345
4	1348	61	0.03525404885
4	1368	62	0.036336036032
4	1389	63	0.03761005254725
4	1411	64	0.03770605638775
4	1435	65	0.04275406126075
4	1454	66	0.0338360355265
4	1473	67	0.033884040897
4	1494	68	0.03643205049675
4	1519	69	0.041480057232
4	1544	70	0.04270606205925
4	1568	71	0.04025404309925
4	1590	72	0.04020604415
4	1607	73	0.03133604451925
4	1629	74	0.03770604773225
4	1649	75	0.03511005566775
4	1671	76	0.0388840367435
4	1694	77	0.0389800393065
4	1717	78	0.0401580444435
4	1740	79	0.03902805411625
4	1761	80	0.036528044659
4	1781	81	0.03525405225175
4	1799	82	0.033788040271
4	1825	83	0.04280207523
4	1848	84	0.0401580515615
4	1873	85	0.04152805087675
4	1896	86	0.0401580590295
4	1924	87	0.045350072601
4	1948	88	0.04035005689525
4	1968	89	0.036336034368
4	1993	90	0.0414800692035
4	2011	91	0.03261003494225
4	2035	92	0.0402060505635
4	2057	93	0.03765806206125
4	2078	94	0.03761003912575
4	2101	95	0.04015806233975
4	2120	96	0.03393204224475
4	2135	97	0.02878802795925
4	2158	98	0.03898006397675
4	2185	99	0.0452540407615
4	2210	100	0.04270606684875
5	25	1	4.75
5	48	2	4.5
5	68	3	3.75
5	91	4	4.5
5	113	5	4.25
5	136	6	4.5
5	160	7	4.75
5	187	8	5.5
5	210	9	4.5
5	229	10	3.5
5	257	11	5.75
5	278	12	4
5	302	13	4.75
5	326	14	4.75
5	348	15	4.25
5	368	16	3.75
5	388	17	3.75
5	411	18	4.5
5	436	19	5
5	455	20	3.5
5	481	21	5.25
5	513	22	6.75
5	533	23	3.75
5	553	24	3.75
5	574	25	4
5	598	26	4.75
5	624	27	5.25
5	643	28	3.5
5	661	29	3.25
5	683	30	4.25
5	703	31	3.75
5	727	32	4.75
5	754	33	5.5
5	781	34	5.5
5	802	35	4
5	827	36	5
5	852	37	5
5	876	38	4.75
5	900	39	4.75
5	926	40	5.25
5	948	41	4.25
5	974	42	5.25
5	995	43	4
5	1014	44	3.5
5	1035	45	4
5	1053	46	3.25
5	1075	47	4.25
5	1094	48	3.5
5	1113	49	3.5
5	1131	50	3.25
5	1151	51	3.75
5	1173	52	4.25
5	1194	53	4
5	1213	54	3.5
5	1234	55	4
5	1254	56	3.75
5	1271	57	3
5	1289	58	3.25
5	1306	59	3
5	1328	60	4.25
5	1348	61	3.75
5	1368	62	3.75
5	1389	63	4
5	1411	64	4.25
5	1435	65	4.75
5	1454	66	3.5
5	1473	67	3.5
5	1494	68	4
5	1519	69	5
5	1544	70	5
5	1568	71	4.75
5	1590	72	4.25
5	1607	73	3
5	1629	74	4.25
5	1649	75	3.75
5	1671	76	4.25
5	1694	77	4.5
5	1717	78	4.5
5	1740	79	4.5
5	1761	80	4
5	1781	81	3.75
5	1799	82	3.25
5	1825	83	5.25
5	1848	84	4.5
5	1873	85	5
5	1896	86	4.5
5	1924	87	5.75
5	1948	88	4.75
5	1968	89	3.75
5	1993	90	5
5	2011	91	3.25
5	2035	92	4.75
5	2057	93	4.25
5	2078	94	4
5	2101	95	4.5
5	2120	96	3.5
5	2135	97	2.5
5	2158	98	4.5
5	2185	99	5.5
5	2210	100	5
6	25	1	186
6	48	2	171
6	68	3	126
6	91	4	153
6	113	5	130
6	136	6	153
6	160	7	126
6	187	8	141
6	210	9	113
6	229	10	109
6	257	11	152
6	278	12	103
6	302	13	150
6	326	14	130
6	348	15	148
6	368	16	100
6	388	17	110
6	411	18	97
6	436	19	147
6	455	20	123
6	481	21	108
6	513	22	146
6	533	23	98
6	553	24	90
6	574	25	93
6	598	26	118
6	624	27	116
6	643	28	99
6	661	29	94
6	683	30	96
6	703	31	96
6	727	32	100
6	754	33	115
6	781	34	109
6	802	35	99
6	827	36	99
6	852	37	115
6	876	38	96
6	900	39	112
6	926	40	112
6	948	41	96
6	974	42	118
6	995	43	95
6	1014	44	93
6	1035	45	93
6	1053	46	80
6	1075	47	106
6	1094	48	87
6	1113	49	87
6	1131	50	82
6	1151	51	84
6	1173	52	96
6	1194	53	93
6	1213	54	85
6	1234	55	93
6	1254	56	90
6	1271	57	83
6	1289	58	82
6	1306	59	81
6	1328	60	100
6	1348	61	96
6	1368	62	88
6	1389	63	89
6	1411	64	100
6	1435	65	98
6	1454	66	81
6	1473	67	87
6	1494	68	89
6	1519	69	103
6	1544	70	99
6	1568	71	100
6	1590	72	96
6	1607	73	75
6	1629	74	100
6	1649	75	82
6	1671	76	92
6	1694	77	101
6	1717	78	93
6	1740	79	89
6	1761	80	89
6	1781	81	86
6	1799	82	78
6	1825	83	100
6	1848	84	91
6	1873	85	99
6	1896	86	93
6	1924	87	112
6	1948	88	98
6	1968	89	84
6	1993	90	101
6	2011	91	80
6	2035	92	98
6	2057	93	88
6	2078	94	91
6	2101	95	95
6	2120	96	85
6	2135	97	73
6	2158	98	97
6	2185	99	107
6	2210	100	99
7	25	1	0.3
7	48	2	0.291
7	68	3	0.28227
7	91	4	0.2738019
7	113	5	0.265587843
7	136	6	0.25762020771
7	160	7	0.2498916014787
7	187	8	0.24239485343434
7	210	9	0.23512300783131
7	229	10	0.22806931759637
7	257	11	0.22122723806848
7	278	12	0.21459042092642
7	302	13	0.20815270829863
7	326	14	0.20190812704967
7	348	15	0.19585088323818
7	368	16	0.18997535674104
7	388	17	0.18427609603881
7	411	18	0.17874781315764
7	436	19	0.17338537876291
7	455	20	0.16818381740002
7	481	21	0.16313830287802
7	513	22	0.15824415379168
7	533	23	0.15349682917793
7	553	24	0.14889192430259
7	574	25	0.14442516657352
7	598	26	0.14009241157631
7	624	27	0.13588963922902
7	643	28	0.13181295005215
7	661	29	0.12785856155059
7	683	30	0.12402280470407
7	703	31	0.12030212056295
7	727	32	0.11669305694606
7	754	33	0.11319226523768
7	781	34	0.10979649728055
7	802	35	0.10650260236213
7	827	36	0.10330752429127
7	852	37	0.10020829856253
7	876	38	0.097202049605653
7	900	39	0.094285988117483
7	926	40	0.091457408473958
7	948	41	0.08871368621974
7	974	42	0.086052275633148
7	995	43	0.083470707364153
7	1014	44	0.080966586143229
7	1035	45	0.078537588558932
7	1053	46	0.076181460902164
7	1075	47	0.073896017075099
7	1094	48	0.071679136562846
7	1113	49	0.06952876246596
7	1131	50	0.067442899591982
7	1151	51	0.065419612604222
7	1173	52	0.063457024226096
7	1194	53	0.061553313499313
7	1213	54	0.059706714094333
7	1234	55	0.057915512671503
7	1254	56	0.056178047291358
7	1271	57	0.054492705872617
7	1289	58	0.052857924696439
7	1306	59	0.051272186955546
7	1328	60	0.05
7	1348	61	0.05
7	1368	62	0.05
7	1389	63	0.05
7	1411	64	0.05
7	1435	65	0.05
7	1454	66	0.05
7	1473	67	0.05
7	1494	68	0.05
7	1519	69	0.05
7	1544	70	0.05
7	1568	71	0.05
7	1590	72	0.05
7	1607	73	0.05
7	1629	74	0.05
7	1649	75	0.05
7	1671	76	0.05
7	1694	77	0.05
7	1717	78	0.05
7	1740	79	0.05
7	1761	80	0.05
7	1781	81	0.05
7	1799	82	0.05
7	1825	83	0.05
7	1848	84	0.05
7	1873	85	0.05
7	1896	86	0.05
7	1924	87	0.05
7	1948	88	0.05
7	1968	89	0.05
7	1993	90	0.05
7	2011	91	0.05
7	2035	92	0.05
7	2057	93	0.05
7	2078	94	0.05
7	2101	95	0.05
7	2120	96	0.05
7	2135	97	0.05
7	2158	98	0.05
7	2185	99	0.05
7	2210	100	0.05

