version 3
run SPMH-0-20260710-23:16:47-27672
attr configname SPMH
attr datetime 20260710-23:16:47
attr datetimef 20260710-231647
attr experiment SPMH
attr inifile omnetpp.ini
attr iterationvars ""
attr iterationvarsd ""
attr iterationvarsf ""
attr measurement ""
attr network marlwsn.MarlWsnNetwork
attr processid 27672
attr repetition 0
attr replication #0
attr resultdir results
attr runnumber 0
attr seedset 42
config description "Shortest-path multi-hop baseline"
config *.controller.routingMode "\"spmh\""
config *.controller.cloudMode false
config network marlwsn.MarlWsnNetwork
config qtenv-default-config MARL
config sim-time-limit 101s
config seed-set 42
config cmdenv-express-mode true
config cmdenv-status-frequency 10s
config record-eventlog false
config output-vector-file results/SPMH-0.vec
config output-scalar-file results/SPMH-0.sca
config **.vector-recording true
config **.scalar-recording true
config *.numNodes 100
config *.node[*].initialEnergy 100
config *.controller.numEpisodes 100
config *.controller.activeSourcesPerEpisode 4
config *.controller.areaWidth 100
config *.controller.areaHeight 100
config *.controller.areaDepth 0
config *.controller.communicationRange 18
config *.controller.placementMode "\"jitteredGrid\""
config *.controller.initialEnergy 100
config *.controller.sensingEnergyCost 0.1
config *.controller.multiHopEnergyCost 2
config *.controller.sinkEnergyCost 8
config *.controller.localDecisionEnergyCost 0.05
config *.controller.packetBits 1024
config *.controller.bitRate 250kbps
config *.controller.processingDelay 1ms
config *.controller.localDecisionDelay 1ms
config *.controller.cloudDecisionDelay 15ms
config *.controller.leachSetupDelay 40ms
config *.controller.episodeLength 1s
config *.controller.sourceStagger 10ms
config *.controller.maxHops 10
config *.controller.minimumSignalIntegrity 0.70
config *.controller.maxAttenuationPerHop 0.04
config *.controller.learningRate 0.25
config *.controller.discountFactor 0.90
config *.controller.initialEpsilon 0.30
config *.controller.minimumEpsilon 0.05
config *.controller.epsilonDecay 0.97
config *.controller.fusionLambda 0.65
config *.controller.extraCandidateNeighbors 6
config *.controller.qWeight 0.025
config *.controller.hotspotWeight 0.12
config *.controller.clusterHeadFraction 0.10

vector 0 MarlWsnNetwork.controller meanSoC ETV
vector 1 MarlWsnNetwork.controller SoCVariance ETV
vector 2 MarlWsnNetwork.controller aliveNodes ETV
vector 3 MarlWsnNetwork.controller deliveryRatio ETV
vector 4 MarlWsnNetwork.controller meanEndToEndDelay ETV
vector 5 MarlWsnNetwork.controller meanHopCount ETV
vector 6 MarlWsnNetwork.controller totalReward ETV
vector 7 MarlWsnNetwork.controller epsilon ETV
0	24	1	99.396
0	52	2	98.692
0	81	3	97.968
0	101	4	97.624
0	126	5	96.98
0	154	6	96.276
0	179	7	95.632
0	192	8	95.449
0	223	9	94.685
0	250	10	94.001
0	281	11	93.237
0	302	12	92.893
0	328	13	92.229
0	350	14	91.645
0	385	15	90.801
0	406	16	90.458
0	431	17	89.814
0	463	18	89.03
0	482	19	88.667
0	504	20	88.083
0	531	21	87.399
0	556	22	86.775
0	582	23	86.111
0	613	24	85.347
0	645	25	84.563
0	665	26	84.219
0	690	27	83.575
0	720	28	82.831
0	748	29	82.127
0	783	30	81.283
0	815	31	80.499
0	848	32	79.677
0	874	33	79.013
0	899	34	78.369
0	917	35	77.925
0	939	36	77.362
0	957	37	76.879
0	990	38	76.075
0	1024	39	75.251
0	1052	40	74.528
0	1087	41	73.684
0	1121	42	72.86
0	1156	43	72.017
0	1186	44	71.273
0	1210	45	70.649
0	1235	46	70.205
0	1269	47	69.381
0	1305	48	68.517
0	1331	49	67.853
0	1360	50	67.35
0	1381	51	66.786
0	1404	52	66.182
0	1422	53	65.879
0	1448	54	65.215
0	1473	55	64.571
0	1497	56	64.049
0	1515	57	63.646
0	1548	58	62.842
0	1583	59	61.998
0	1601	60	61.595
0	1618	61	61.112
0	1645	62	60.428
0	1681	63	59.564
0	1707	64	59.103
0	1728	65	58.663
0	1745	66	58.223
0	1774	67	57.499
0	1803	68	56.877
0	1831	69	56.235
0	1869	70	55.331
0	1902	71	54.527
0	1925	72	53.926
0	1950	73	53.282
0	1973	74	52.824
0	2000	75	52.14
0	2023	76	51.58
0	2051	77	51.018
0	2091	78	50.074
0	2121	79	49.371
0	2158	80	48.487
0	2182	81	48.088
0	2206	82	47.464
0	2231	83	46.942
0	2259	84	46.238
0	2292	85	45.44
0	2324	86	44.656
0	2362	87	43.752
0	2395	88	42.993
0	2420	89	42.349
0	2437	90	42.067
0	2459	91	41.483
0	2475	92	41.206
0	2496	93	40.707
0	2528	94	39.923
0	2546	95	39.512
0	2573	96	38.828
0	2592	97	38.485
0	2621	98	37.805
0	2651	99	37.061
0	2678	100	36.524
1	24	1	10.79957979798
1	52	2	42.466602020202
1	81	3	96.206238383838
1	101	4	104.99416565657
1	126	5	116.04626262626
1	154	6	149.21073131313
1	179	7	203.52320808081
1	192	8	208.0205040404
1	223	9	223.13522727273
1	250	10	257.61363535354
1	281	11	312.88861717172
1	302	12	323.75075858586
1	328	13	329.52632222222
1	350	14	357.82068181818
1	385	15	407.34090808081
1	406	16	413.78589494949
1	431	17	441.48707474747
1	463	18	492.08373737374
1	482	19	512.41213232323
1	504	20	522.07617272727
1	531	21	553.15383737374
1	556	22	594.70694444444
1	582	23	598.76543333333
1	613	24	624.43685959596
1	645	25	671.55427373737
1	665	26	678.33185757576
1	690	27	686.05704545455
1	720	28	711.53165555556
1	748	29	758.84885959596
1	783	30	762.89718282828
1	815	31	788.84353434343
1	848	32	829.37916262626
1	874	33	836.90195050505
1	899	34	869.54761515152
1	917	35	899.01058080808
1	939	36	933.9841979798
1	957	37	973.85824141414
1	990	38	975.30512626263
1	1024	39	995.71080707071
1	1052	40	1030.1220363636
1	1087	41	1031.6900444444
1	1121	42	1052.0557575758
1	1156	43	1097.3903141414
1	1186	44	1109.0490616162
1	1210	45	1143.979089899
1	1235	46	1154.1659343434
1	1269	47	1142.8938777778
1	1305	48	1151.7313242424
1	1331	49	1188.5390818182
1	1360	50	1187.4057575758
1	1381	51	1194.940610101
1	1404	52	1229.8245212121
1	1422	53	1236.1285444444
1	1448	54	1233.8550252525
1	1473	55	1250.5297565657
1	1497	56	1270.2817161616
1	1515	57	1290.3738222222
1	1548	58	1297.7341777778
1	1583	59	1309.8145414141
1	1601	60	1329.4701767677
1	1618	61	1361.497430303
1	1645	62	1356.7630464646
1	1681	63	1377.5653575758
1	1707	64	1382.0861525253
1	1728	65	1393.1676070707
1	1745	66	1418.0434050505
1	1774	67	1405.0564636364
1	1803	68	1411.195930303
1	1831	69	1428.9746212121
1	1869	70	1384.4209484848
1	1902	71	1375.4773444444
1	1925	72	1394.8330545455
1	1950	73	1410.5465414141
1	1973	74	1414.8000242424
1	2000	75	1406.9313131313
1	2023	76	1418.7503030303
1	2051	77	1421.1243191919
1	2091	78	1389.1795191919
1	2121	79	1383.1921808081
1	2158	80	1393.8459909091
1	2182	81	1395.9376323232
1	2206	82	1408.5799030303
1	2231	83	1422.473369697
1	2259	84	1424.467430303
1	2292	85	1442.6971717172
1	2324	86	1407.7091555556
1	2362	87	1399.5689858586
1	2395	88	1406.0836878788
1	2420	89	1402.3738373737
1	2437	90	1402.0226373737
1	2459	91	1415.2517282828
1	2475	92	1412.8698626263
1	2496	93	1429.0121727273
1	2528	94	1435.2813848485
1	2546	95	1447.1659151515
1	2573	96	1444.9967838384
1	2592	97	1437.0006818182
1	2621	98	1452.3182575758
1	2651	99	1449.7652313131
1	2678	100	1453.5493171717
2	24	1	100
2	52	2	100
2	81	3	100
2	101	4	99
2	126	5	99
2	154	6	99
2	179	7	99
2	192	8	98
2	223	9	98
2	250	10	98
2	281	11	98
2	302	12	97
2	328	13	97
2	350	14	97
2	385	15	97
2	406	16	96
2	431	17	96
2	463	18	96
2	482	19	95
2	504	20	95
2	531	21	95
2	556	22	94
2	582	23	94
2	613	24	94
2	645	25	94
2	665	26	93
2	690	27	93
2	720	28	93
2	748	29	92
2	783	30	92
2	815	31	92
2	848	32	91
2	874	33	91
2	899	34	91
2	917	35	90
2	939	36	89
2	957	37	88
2	990	38	88
2	1024	39	88
2	1052	40	87
2	1087	41	87
2	1121	42	87
2	1156	43	86
2	1186	44	86
2	1210	45	86
2	1235	46	85
2	1269	47	85
2	1305	48	85
2	1331	49	85
2	1360	50	84
2	1381	51	84
2	1404	52	84
2	1422	53	83
2	1448	54	83
2	1473	55	83
2	1497	56	82
2	1515	57	81
2	1548	58	81
2	1583	59	81
2	1601	60	80
2	1618	61	79
2	1645	62	79
2	1681	63	79
2	1707	64	78
2	1728	65	77
2	1745	66	76
2	1774	67	76
2	1803	68	75
2	1831	69	74
2	1869	70	74
2	1902	71	74
2	1925	72	73
2	1950	73	73
2	1973	74	72
2	2000	75	72
2	2023	76	71
2	2051	77	70
2	2091	78	70
2	2121	79	70
2	2158	80	70
2	2182	81	69
2	2206	82	69
2	2231	83	68
2	2259	84	68
2	2292	85	67
2	2324	86	67
2	2362	87	67
2	2395	88	66
2	2420	89	66
2	2437	90	65
2	2459	91	65
2	2475	92	64
2	2496	93	63
2	2528	94	63
2	2546	95	60
2	2573	96	60
2	2592	97	59
2	2621	98	58
2	2651	99	58
2	2678	100	57
3	24	1	1
3	52	2	1
3	81	3	1
3	101	4	0
3	126	5	1
3	154	6	1
3	179	7	1
3	192	8	0
3	223	9	1
3	250	10	1
3	281	11	1
3	302	12	0
3	328	13	1
3	350	14	1
3	385	15	1
3	406	16	0
3	431	17	1
3	463	18	1
3	482	19	0
3	504	20	1
3	531	21	1
3	556	22	0.75
3	582	23	1
3	613	24	1
3	645	25	1
3	665	26	0
3	690	27	1
3	720	28	1
3	748	29	0.75
3	783	30	1
3	815	31	1
3	848	32	0.75
3	874	33	1
3	899	34	1
3	917	35	0.5
3	939	36	0.75
3	957	37	0.75
3	990	38	1
3	1024	39	1
3	1052	40	0.75
3	1087	41	1
3	1121	42	1
3	1156	43	0.75
3	1186	44	1
3	1210	45	1
3	1235	46	0
3	1269	47	1
3	1305	48	1
3	1331	49	1
3	1360	50	0
3	1381	51	1
3	1404	52	1
3	1422	53	0
3	1448	54	1
3	1473	55	1
3	1497	56	0.5
3	1515	57	0.25
3	1548	58	1
3	1583	59	1
3	1601	60	0.25
3	1618	61	0.75
3	1645	62	1
3	1681	63	1
3	1707	64	0
3	1728	65	0.25
3	1745	66	0.75
3	1774	67	1
3	1803	68	0.5
3	1831	69	0.5
3	1869	70	1
3	1902	71	1
3	1925	72	0.75
3	1950	73	1
3	1973	74	0.25
3	2000	75	1
3	2023	76	0.75
3	2051	77	0.25
3	2091	78	1
3	2121	79	0.75
3	2158	80	1
3	2182	81	0
3	2206	82	1
3	2231	83	0.25
3	2259	84	1
3	2292	85	0.75
3	2324	86	1
3	2362	87	1
3	2395	88	0.75
3	2420	89	1
3	2437	90	0
3	2459	91	1
3	2475	92	0
3	2496	93	0.5
3	2528	94	1
3	2546	95	0.25
3	2573	96	1
3	2592	97	0
3	2621	98	0.75
3	2651	99	1
3	2678	100	0.25
4	24	1	0.03893220537775
4	52	2	0.045302288488
4	81	3	0.04780228681425
4	101	4	0
4	126	5	0.0415282583305
4	154	6	0.0453503137915
4	179	7	0.0438841400695
4	192	8	0
4	223	9	0.05035030579325
4	250	10	0.0464321838615
4	281	11	0.049316397634
4	302	12	0
4	328	13	0.0439802421525
4	350	14	0.0389322216675
4	385	15	0.054220384373
4	406	16	0
4	431	17	0.04265821004875
4	463	18	0.05059042686575
4	482	19	0
4	504	20	0.03902824169
4	531	21	0.044028288073
4	556	22	0.033082911664333
4	582	23	0.0428983538935
4	613	24	0.0515282592755
4	645	25	0.050542416348
4	665	26	0
4	690	27	0.044316343494
4	720	28	0.04931638676625
4	748	29	0.043210962266667
4	783	30	0.0543644304615
4	815	31	0.0516243732625
4	848	32	0.048371063655667
4	874	33	0.0440282968165
4	899	34	0.041480300008
4	917	35	0.018740163518
4	939	36	0.034717587187
4	957	37	0.026288204420333
4	990	38	0.05167241270625
4	1024	39	0.05299443786375
4	1052	40	0.044781607109
4	1087	41	0.0543644553215
4	1121	42	0.053090429454
4	1156	43	0.051704409994333
4	1186	44	0.0478983840725
4	1210	45	0.0402063038575
4	1235	46	0
4	1269	47	0.054172386187
4	1305	48	0.055542452523
4	1331	49	0.0428983514115
4	1360	50	0
4	1381	51	0.037610233038
4	1404	52	0.04015827424575
4	1422	53	0
4	1448	54	0.0439802959355
4	1473	55	0.042706291734
4	1497	56	0.034124352955
4	1515	57	0.016288229264
4	1548	58	0.0516724296835
4	1583	59	0.054316470037
4	1601	60	0.02648032232
4	1618	61	0.031576299918
4	1645	62	0.04402833418125
4	1681	63	0.0555424622455
4	1707	64	0
4	1728	65	0.031576391307
4	1745	66	0.027986896882
4	1774	67	0.0467203904805
4	1803	68	0.039220423038
4	1831	69	0.0364803294365
4	1869	70	0.05804254112925
4	1902	71	0.05167247002675
4	1925	72	0.037922877290333
4	1950	73	0.04148033255725
4	1973	74	0.021192198482
4	2000	75	0.045254350097
4	2023	76	0.036480352882
4	2051	77	0.036672469963
4	2091	78	0.06059050134325
4	2121	79	0.065229840987333
4	2158	80	0.057994425799
4	2182	81	0
4	2206	82	0.0402063181955
4	2231	83	0.021192201424
4	2259	84	0.046528351004
4	2292	85	0.044973761010333
4	2324	86	0.0516724014055
4	2362	87	0.05804250138725
4	2395	88	0.043275097146333
4	2420	89	0.04270634671725
4	2437	90	0
4	2459	91	0.037706331746
4	2475	92	0
4	2496	93	0.031384293674
4	2528	94	0.05039847990575
4	2546	95	0.041576419244
4	2573	96	0.0440283976565
4	2592	97	0
4	2621	98	0.043275090755333
4	2651	99	0.04785041985625
4	2678	100	0.036672456488
5	24	1	4.5
5	52	2	5.75
5	81	3	6
5	101	4	0
5	126	5	5
5	154	6	5.75
5	179	7	5
5	192	8	0
5	223	9	6.5
5	250	10	5.5
5	281	11	6.5
5	302	12	0
5	328	13	5.25
5	350	14	4.25
5	385	15	7.5
5	406	16	0
5	431	17	5
5	463	18	6.75
5	482	19	0
5	504	20	4.25
5	531	21	5.5
5	556	22	4.3333333333333
5	582	23	5.25
5	613	24	6.5
5	645	25	6.75
5	665	26	0
5	690	27	5
5	720	28	6.25
5	748	29	5.6666666666667
5	783	30	7.5
5	815	31	6.75
5	848	32	7.3333333333333
5	874	33	5.25
5	899	34	5
5	917	35	2.5
5	939	36	4
5	957	37	3
5	990	38	7
5	1024	39	7.25
5	1052	40	5.6666666666667
5	1087	41	7.5
5	1121	42	7.25
5	1156	43	7.3333333333333
5	1186	44	6.25
5	1210	45	4.75
5	1235	46	0
5	1269	47	7.25
5	1305	48	7.75
5	1331	49	5.25
5	1360	50	0
5	1381	51	4
5	1404	52	4.5
5	1422	53	0
5	1448	54	5.25
5	1473	55	5
5	1497	56	5.5
5	1515	57	3
5	1548	58	7
5	1583	59	7.5
5	1601	60	5
5	1618	61	3.6666666666667
5	1645	62	5.5
5	1681	63	7.75
5	1707	64	0
5	1728	65	6
5	1745	66	2.6666666666667
5	1774	67	6
5	1803	68	6.5
5	1831	69	5
5	1869	70	8.25
5	1902	71	7
5	1925	72	3
5	1950	73	5
5	1973	74	2
5	2000	75	5.5
5	2023	76	5
5	2051	77	7
5	2091	78	8.75
5	2121	79	8.6666666666667
5	2158	80	8
5	2182	81	0
5	2206	82	4.75
5	2231	83	2
5	2259	84	5.75
5	2292	85	6.6666666666667
5	2324	86	6.75
5	2362	87	8.25
5	2395	88	6.3333333333333
5	2420	89	5
5	2437	90	0
5	2459	91	4.25
5	2475	92	0
5	2496	93	4
5	2528	94	6.75
5	2546	95	6
5	2573	96	5.5
5	2592	97	0
5	2621	98	6.3333333333333
5	2651	99	6.25
5	2678	100	7
6	24	1	171
6	52	2	180
6	81	3	145
6	101	4	109
6	126	5	141
6	154	6	124
6	179	7	101
6	192	8	62
6	223	9	97
6	250	10	115
6	281	11	155
6	302	12	64
6	328	13	176
6	350	14	94
6	385	15	125
6	406	16	56
6	431	17	101
6	463	18	132
6	482	19	48
6	504	20	84
6	531	21	127
6	556	22	105
6	582	23	98
6	613	24	121
6	645	25	124
6	665	26	55
6	690	27	97
6	720	28	114
6	748	29	80
6	783	30	119
6	815	31	98
6	848	32	121
6	874	33	92
6	899	34	77
6	917	35	55
6	939	36	66
6	957	37	54
6	990	38	109
6	1024	39	122
6	1052	40	100
6	1087	41	105
6	1121	42	108
6	1156	43	87
6	1186	44	94
6	1210	45	88
6	1235	46	46
6	1269	47	118
6	1305	48	120
6	1331	49	92
6	1360	50	74
6	1381	51	83
6	1404	52	81
6	1422	53	37
6	1448	54	106
6	1473	55	91
6	1497	56	57
6	1515	57	40
6	1548	58	107
6	1583	59	119
6	1601	60	52
6	1618	61	55
6	1645	62	105
6	1681	63	126
6	1707	64	63
6	1728	65	57
6	1745	66	57
6	1774	67	111
6	1803	68	80
6	1831	69	71
6	1869	70	158
6	1902	71	121
6	1925	72	69
6	1950	73	81
6	1973	74	55
6	2000	75	97
6	2023	76	73
6	2051	77	74
6	2091	78	144
6	2121	79	99
6	2158	80	125
6	2182	81	47
6	2206	82	80
6	2231	83	55
6	2259	84	90
6	2292	85	83
6	2324	86	120
6	2362	87	122
6	2395	88	103
6	2420	89	97
6	2437	90	38
6	2459	91	78
6	2475	92	35
6	2496	93	54
6	2528	94	96
6	2546	95	40
6	2573	96	97
6	2592	97	48
6	2621	98	71
6	2651	99	98
6	2678	100	67
7	24	1	0.3
7	52	2	0.291
7	81	3	0.28227
7	101	4	0.2738019
7	126	5	0.265587843
7	154	6	0.25762020771
7	179	7	0.2498916014787
7	192	8	0.24239485343434
7	223	9	0.23512300783131
7	250	10	0.22806931759637
7	281	11	0.22122723806848
7	302	12	0.21459042092642
7	328	13	0.20815270829863
7	350	14	0.20190812704967
7	385	15	0.19585088323818
7	406	16	0.18997535674104
7	431	17	0.18427609603881
7	463	18	0.17874781315764
7	482	19	0.17338537876291
7	504	20	0.16818381740002
7	531	21	0.16313830287802
7	556	22	0.15824415379168
7	582	23	0.15349682917793
7	613	24	0.14889192430259
7	645	25	0.14442516657352
7	665	26	0.14009241157631
7	690	27	0.13588963922902
7	720	28	0.13181295005215
7	748	29	0.12785856155059
7	783	30	0.12402280470407
7	815	31	0.12030212056295
7	848	32	0.11669305694606
7	874	33	0.11319226523768
7	899	34	0.10979649728055
7	917	35	0.10650260236213
7	939	36	0.10330752429127
7	957	37	0.10020829856253
7	990	38	0.097202049605653
7	1024	39	0.094285988117483
7	1052	40	0.091457408473958
7	1087	41	0.08871368621974
7	1121	42	0.086052275633148
7	1156	43	0.083470707364153
7	1186	44	0.080966586143229
7	1210	45	0.078537588558932
7	1235	46	0.076181460902164
7	1269	47	0.073896017075099
7	1305	48	0.071679136562846
7	1331	49	0.06952876246596
7	1360	50	0.067442899591982
7	1381	51	0.065419612604222
7	1404	52	0.063457024226096
7	1422	53	0.061553313499313
7	1448	54	0.059706714094333
7	1473	55	0.057915512671503
7	1497	56	0.056178047291358
7	1515	57	0.054492705872617
7	1548	58	0.052857924696439
7	1583	59	0.051272186955546
7	1601	60	0.05
7	1618	61	0.05
7	1645	62	0.05
7	1681	63	0.05
7	1707	64	0.05
7	1728	65	0.05
7	1745	66	0.05
7	1774	67	0.05
7	1803	68	0.05
7	1831	69	0.05
7	1869	70	0.05
7	1902	71	0.05
7	1925	72	0.05
7	1950	73	0.05
7	1973	74	0.05
7	2000	75	0.05
7	2023	76	0.05
7	2051	77	0.05
7	2091	78	0.05
7	2121	79	0.05
7	2158	80	0.05
7	2182	81	0.05
7	2206	82	0.05
7	2231	83	0.05
7	2259	84	0.05
7	2292	85	0.05
7	2324	86	0.05
7	2362	87	0.05
7	2395	88	0.05
7	2420	89	0.05
7	2437	90	0.05
7	2459	91	0.05
7	2475	92	0.05
7	2496	93	0.05
7	2528	94	0.05
7	2546	95	0.05
7	2573	96	0.05
7	2592	97	0.05
7	2621	98	0.05
7	2651	99	0.05
7	2678	100	0.05

