version 3
run TableI50Strict-0-20260710-23:17:18-11420
attr configname TableI50Strict
attr datetime 20260710-23:17:18
attr datetimef 20260710-231718
attr experiment TableI50Strict
attr inifile omnetpp.ini
attr iterationvars ""
attr iterationvarsd ""
attr iterationvarsf ""
attr measurement ""
attr network marlwsn.MarlWsnNetwork
attr processid 11420
attr repetition 0
attr replication #0
attr resultdir results
attr runnumber 0
attr seedset 42
config description "Literal Table I values: 50 nodes, 100x100 area, coverage radius 9"
config extends MARL
config *.numNodes 50
config *.controller.communicationRange 9
config *.controller.placementMode "\"random\""
config description "Proposed local multi-agent Q-learning with MERA-MST fusion"
config *.controller.routingMode "\"marl\""
config *.controller.cloudMode false
config network marlwsn.MarlWsnNetwork
config qtenv-default-config MARL
config sim-time-limit 101s
config seed-set 42
config cmdenv-express-mode true
config cmdenv-status-frequency 10s
config record-eventlog false
config output-vector-file results/TableI50Strict-0.vec
config output-scalar-file results/TableI50Strict-0.sca
config **.vector-recording true
config **.scalar-recording true
config *.numNodes 100
config *.node[*].initialEnergy 100
config *.controller.numEpisodes 100
config *.controller.activeSourcesPerEpisode 4
config *.controller.areaWidth 100
config *.controller.areaHeight 100
config *.controller.areaDepth 0
config *.controller.communicationRange 18
config *.controller.placementMode "\"jitteredGrid\""
config *.controller.initialEnergy 100
config *.controller.sensingEnergyCost 0.1
config *.controller.multiHopEnergyCost 2
config *.controller.sinkEnergyCost 8
config *.controller.localDecisionEnergyCost 0.05
config *.controller.packetBits 1024
config *.controller.bitRate 250kbps
config *.controller.processingDelay 1ms
config *.controller.localDecisionDelay 1ms
config *.controller.cloudDecisionDelay 15ms
config *.controller.leachSetupDelay 40ms
config *.controller.episodeLength 1s
config *.controller.sourceStagger 10ms
config *.controller.maxHops 10
config *.controller.minimumSignalIntegrity 0.70
config *.controller.maxAttenuationPerHop 0.04
config *.controller.learningRate 0.25
config *.controller.discountFactor 0.90
config *.controller.initialEpsilon 0.30
config *.controller.minimumEpsilon 0.05
config *.controller.epsilonDecay 0.97
config *.controller.fusionLambda 0.65
config *.controller.extraCandidateNeighbors 6
config *.controller.qWeight 0.025
config *.controller.hotspotWeight 0.12
config *.controller.clusterHeadFraction 0.10

vector 0 MarlWsnNetwork.controller meanSoC ETV
vector 1 MarlWsnNetwork.controller SoCVariance ETV
vector 2 MarlWsnNetwork.controller aliveNodes ETV
vector 3 MarlWsnNetwork.controller deliveryRatio ETV
vector 4 MarlWsnNetwork.controller meanEndToEndDelay ETV
vector 5 MarlWsnNetwork.controller meanHopCount ETV
vector 6 MarlWsnNetwork.controller totalReward ETV
vector 7 MarlWsnNetwork.controller epsilon ETV
0	2	1	100
0	3	2	100
0	4	3	100
0	5	4	100
0	6	5	100
0	7	6	100
0	8	7	100
0	9	8	100
0	10	9	100
0	11	10	100
0	12	11	100
0	13	12	100
0	14	13	100
0	15	14	100
0	16	15	100
0	17	16	100
0	18	17	100
0	19	18	100
0	20	19	100
0	21	20	100
0	22	21	100
0	23	22	100
0	24	23	100
0	25	24	100
0	26	25	100
0	27	26	100
0	28	27	100
0	29	28	100
0	30	29	100
0	31	30	100
0	32	31	100
0	33	32	100
0	34	33	100
0	35	34	100
0	36	35	100
0	37	36	100
0	38	37	100
0	39	38	100
0	40	39	100
0	41	40	100
0	42	41	100
0	43	42	100
0	44	43	100
0	45	44	100
0	46	45	100
0	47	46	100
0	48	47	100
0	49	48	100
0	50	49	100
0	51	50	100
0	52	51	100
0	53	52	100
0	54	53	100
0	55	54	100
0	56	55	100
0	57	56	100
0	58	57	100
0	59	58	100
0	60	59	100
0	61	60	100
0	62	61	100
0	63	62	100
0	64	63	100
0	65	64	100
0	66	65	100
0	67	66	100
0	68	67	100
0	69	68	100
0	70	69	100
0	71	70	100
0	72	71	100
0	73	72	100
0	74	73	100
0	75	74	100
0	76	75	100
0	77	76	100
0	78	77	100
0	79	78	100
0	80	79	100
0	81	80	100
0	82	81	100
0	83	82	100
0	84	83	100
0	85	84	100
0	86	85	100
0	87	86	100
0	88	87	100
0	89	88	100
0	90	89	100
0	91	90	100
0	92	91	100
0	93	92	100
0	94	93	100
0	95	94	100
0	96	95	100
0	97	96	100
0	98	97	100
0	99	98	100
0	100	99	100
0	101	100	100
1	2	1	0
1	3	2	0
1	4	3	0
1	5	4	0
1	6	5	0
1	7	6	0
1	8	7	0
1	9	8	0
1	10	9	0
1	11	10	0
1	12	11	0
1	13	12	0
1	14	13	0
1	15	14	0
1	16	15	0
1	17	16	0
1	18	17	0
1	19	18	0
1	20	19	0
1	21	20	0
1	22	21	0
1	23	22	0
1	24	23	0
1	25	24	0
1	26	25	0
1	27	26	0
1	28	27	0
1	29	28	0
1	30	29	0
1	31	30	0
1	32	31	0
1	33	32	0
1	34	33	0
1	35	34	0
1	36	35	0
1	37	36	0
1	38	37	0
1	39	38	0
1	40	39	0
1	41	40	0
1	42	41	0
1	43	42	0
1	44	43	0
1	45	44	0
1	46	45	0
1	47	46	0
1	48	47	0
1	49	48	0
1	50	49	0
1	51	50	0
1	52	51	0
1	53	52	0
1	54	53	0
1	55	54	0
1	56	55	0
1	57	56	0
1	58	57	0
1	59	58	0
1	60	59	0
1	61	60	0
1	62	61	0
1	63	62	0
1	64	63	0
1	65	64	0
1	66	65	0
1	67	66	0
1	68	67	0
1	69	68	0
1	70	69	0
1	71	70	0
1	72	71	0
1	73	72	0
1	74	73	0
1	75	74	0
1	76	75	0
1	77	76	0
1	78	77	0
1	79	78	0
1	80	79	0
1	81	80	0
1	82	81	0
1	83	82	0
1	84	83	0
1	85	84	0
1	86	85	0
1	87	86	0
1	88	87	0
1	89	88	0
1	90	89	0
1	91	90	0
1	92	91	0
1	93	92	0
1	94	93	0
1	95	94	0
1	96	95	0
1	97	96	0
1	98	97	0
1	99	98	0
1	100	99	0
1	101	100	0
2	2	1	50
2	3	2	50
2	4	3	50
2	5	4	50
2	6	5	50
2	7	6	50
2	8	7	50
2	9	8	50
2	10	9	50
2	11	10	50
2	12	11	50
2	13	12	50
2	14	13	50
2	15	14	50
2	16	15	50
2	17	16	50
2	18	17	50
2	19	18	50
2	20	19	50
2	21	20	50
2	22	21	50
2	23	22	50
2	24	23	50
2	25	24	50
2	26	25	50
2	27	26	50
2	28	27	50
2	29	28	50
2	30	29	50
2	31	30	50
2	32	31	50
2	33	32	50
2	34	33	50
2	35	34	50
2	36	35	50
2	37	36	50
2	38	37	50
2	39	38	50
2	40	39	50
2	41	40	50
2	42	41	50
2	43	42	50
2	44	43	50
2	45	44	50
2	46	45	50
2	47	46	50
2	48	47	50
2	49	48	50
2	50	49	50
2	51	50	50
2	52	51	50
2	53	52	50
2	54	53	50
2	55	54	50
2	56	55	50
2	57	56	50
2	58	57	50
2	59	58	50
2	60	59	50
2	61	60	50
2	62	61	50
2	63	62	50
2	64	63	50
2	65	64	50
2	66	65	50
2	67	66	50
2	68	67	50
2	69	68	50
2	70	69	50
2	71	70	50
2	72	71	50
2	73	72	50
2	74	73	50
2	75	74	50
2	76	75	50
2	77	76	50
2	78	77	50
2	79	78	50
2	80	79	50
2	81	80	50
2	82	81	50
2	83	82	50
2	84	83	50
2	85	84	50
2	86	85	50
2	87	86	50
2	88	87	50
2	89	88	50
2	90	89	50
2	91	90	50
2	92	91	50
2	93	92	50
2	94	93	50
2	95	94	50
2	96	95	50
2	97	96	50
2	98	97	50
2	99	98	50
2	100	99	50
2	101	100	50
3	2	1	0
3	3	2	0
3	4	3	0
3	5	4	0
3	6	5	0
3	7	6	0
3	8	7	0
3	9	8	0
3	10	9	0
3	11	10	0
3	12	11	0
3	13	12	0
3	14	13	0
3	15	14	0
3	16	15	0
3	17	16	0
3	18	17	0
3	19	18	0
3	20	19	0
3	21	20	0
3	22	21	0
3	23	22	0
3	24	23	0
3	25	24	0
3	26	25	0
3	27	26	0
3	28	27	0
3	29	28	0
3	30	29	0
3	31	30	0
3	32	31	0
3	33	32	0
3	34	33	0
3	35	34	0
3	36	35	0
3	37	36	0
3	38	37	0
3	39	38	0
3	40	39	0
3	41	40	0
3	42	41	0
3	43	42	0
3	44	43	0
3	45	44	0
3	46	45	0
3	47	46	0
3	48	47	0
3	49	48	0
3	50	49	0
3	51	50	0
3	52	51	0
3	53	52	0
3	54	53	0
3	55	54	0
3	56	55	0
3	57	56	0
3	58	57	0
3	59	58	0
3	60	59	0
3	61	60	0
3	62	61	0
3	63	62	0
3	64	63	0
3	65	64	0
3	66	65	0
3	67	66	0
3	68	67	0
3	69	68	0
3	70	69	0
3	71	70	0
3	72	71	0
3	73	72	0
3	74	73	0
3	75	74	0
3	76	75	0
3	77	76	0
3	78	77	0
3	79	78	0
3	80	79	0
3	81	80	0
3	82	81	0
3	83	82	0
3	84	83	0
3	85	84	0
3	86	85	0
3	87	86	0
3	88	87	0
3	89	88	0
3	90	89	0
3	91	90	0
3	92	91	0
3	93	92	0
3	94	93	0
3	95	94	0
3	96	95	0
3	97	96	0
3	98	97	0
3	99	98	0
3	100	99	0
3	101	100	0
4	2	1	0
4	3	2	0
4	4	3	0
4	5	4	0
4	6	5	0
4	7	6	0
4	8	7	0
4	9	8	0
4	10	9	0
4	11	10	0
4	12	11	0
4	13	12	0
4	14	13	0
4	15	14	0
4	16	15	0
4	17	16	0
4	18	17	0
4	19	18	0
4	20	19	0
4	21	20	0
4	22	21	0
4	23	22	0
4	24	23	0
4	25	24	0
4	26	25	0
4	27	26	0
4	28	27	0
4	29	28	0
4	30	29	0
4	31	30	0
4	32	31	0
4	33	32	0
4	34	33	0
4	35	34	0
4	36	35	0
4	37	36	0
4	38	37	0
4	39	38	0
4	40	39	0
4	41	40	0
4	42	41	0
4	43	42	0
4	44	43	0
4	45	44	0
4	46	45	0
4	47	46	0
4	48	47	0
4	49	48	0
4	50	49	0
4	51	50	0
4	52	51	0
4	53	52	0
4	54	53	0
4	55	54	0
4	56	55	0
4	57	56	0
4	58	57	0
4	59	58	0
4	60	59	0
4	61	60	0
4	62	61	0
4	63	62	0
4	64	63	0
4	65	64	0
4	66	65	0
4	67	66	0
4	68	67	0
4	69	68	0
4	70	69	0
4	71	70	0
4	72	71	0
4	73	72	0
4	74	73	0
4	75	74	0
4	76	75	0
4	77	76	0
4	78	77	0
4	79	78	0
4	80	79	0
4	81	80	0
4	82	81	0
4	83	82	0
4	84	83	0
4	85	84	0
4	86	85	0
4	87	86	0
4	88	87	0
4	89	88	0
4	90	89	0
4	91	90	0
4	92	91	0
4	93	92	0
4	94	93	0
4	95	94	0
4	96	95	0
4	97	96	0
4	98	97	0
4	99	98	0
4	100	99	0
4	101	100	0
5	2	1	0
5	3	2	0
5	4	3	0
5	5	4	0
5	6	5	0
5	7	6	0
5	8	7	0
5	9	8	0
5	10	9	0
5	11	10	0
5	12	11	0
5	13	12	0
5	14	13	0
5	15	14	0
5	16	15	0
5	17	16	0
5	18	17	0
5	19	18	0
5	20	19	0
5	21	20	0
5	22	21	0
5	23	22	0
5	24	23	0
5	25	24	0
5	26	25	0
5	27	26	0
5	28	27	0
5	29	28	0
5	30	29	0
5	31	30	0
5	32	31	0
5	33	32	0
5	34	33	0
5	35	34	0
5	36	35	0
5	37	36	0
5	38	37	0
5	39	38	0
5	40	39	0
5	41	40	0
5	42	41	0
5	43	42	0
5	44	43	0
5	45	44	0
5	46	45	0
5	47	46	0
5	48	47	0
5	49	48	0
5	50	49	0
5	51	50	0
5	52	51	0
5	53	52	0
5	54	53	0
5	55	54	0
5	56	55	0
5	57	56	0
5	58	57	0
5	59	58	0
5	60	59	0
5	61	60	0
5	62	61	0
5	63	62	0
5	64	63	0
5	65	64	0
5	66	65	0
5	67	66	0
5	68	67	0
5	69	68	0
5	70	69	0
5	71	70	0
5	72	71	0
5	73	72	0
5	74	73	0
5	75	74	0
5	76	75	0
5	77	76	0
5	78	77	0
5	79	78	0
5	80	79	0
5	81	80	0
5	82	81	0
5	83	82	0
5	84	83	0
5	85	84	0
5	86	85	0
5	87	86	0
5	88	87	0
5	89	88	0
5	90	89	0
5	91	90	0
5	92	91	0
5	93	92	0
5	94	93	0
5	95	94	0
5	96	95	0
5	97	96	0
5	98	97	0
5	99	98	0
5	100	99	0
5	101	100	0
6	2	1	5
6	3	2	5
6	4	3	5
6	5	4	5
6	6	5	5
6	7	6	5
6	8	7	5
6	9	8	5
6	10	9	5
6	11	10	5
6	12	11	5
6	13	12	5
6	14	13	5
6	15	14	5
6	16	15	5
6	17	16	5
6	18	17	5
6	19	18	5
6	20	19	5
6	21	20	5
6	22	21	5
6	23	22	5
6	24	23	5
6	25	24	5
6	26	25	5
6	27	26	5
6	28	27	5
6	29	28	5
6	30	29	5
6	31	30	5
6	32	31	5
6	33	32	5
6	34	33	5
6	35	34	5
6	36	35	5
6	37	36	5
6	38	37	5
6	39	38	5
6	40	39	5
6	41	40	5
6	42	41	5
6	43	42	5
6	44	43	5
6	45	44	5
6	46	45	5
6	47	46	5
6	48	47	5
6	49	48	5
6	50	49	5
6	51	50	5
6	52	51	5
6	53	52	5
6	54	53	5
6	55	54	5
6	56	55	5
6	57	56	5
6	58	57	5
6	59	58	5
6	60	59	5
6	61	60	5
6	62	61	5
6	63	62	5
6	64	63	5
6	65	64	5
6	66	65	5
6	67	66	5
6	68	67	5
6	69	68	5
6	70	69	5
6	71	70	5
6	72	71	5
6	73	72	5
6	74	73	5
6	75	74	5
6	76	75	5
6	77	76	5
6	78	77	5
6	79	78	5
6	80	79	5
6	81	80	5
6	82	81	5
6	83	82	5
6	84	83	5
6	85	84	5
6	86	85	5
6	87	86	5
6	88	87	5
6	89	88	5
6	90	89	5
6	91	90	5
6	92	91	5
6	93	92	5
6	94	93	5
6	95	94	5
6	96	95	5
6	97	96	5
6	98	97	5
6	99	98	5
6	100	99	5
6	101	100	5
7	2	1	0.3
7	3	2	0.291
7	4	3	0.28227
7	5	4	0.2738019
7	6	5	0.265587843
7	7	6	0.25762020771
7	8	7	0.2498916014787
7	9	8	0.24239485343434
7	10	9	0.23512300783131
7	11	10	0.22806931759637
7	12	11	0.22122723806848
7	13	12	0.21459042092642
7	14	13	0.20815270829863
7	15	14	0.20190812704967
7	16	15	0.19585088323818
7	17	16	0.18997535674104
7	18	17	0.18427609603881
7	19	18	0.17874781315764
7	20	19	0.17338537876291
7	21	20	0.16818381740002
7	22	21	0.16313830287802
7	23	22	0.15824415379168
7	24	23	0.15349682917793
7	25	24	0.14889192430259
7	26	25	0.14442516657352
7	27	26	0.14009241157631
7	28	27	0.13588963922902
7	29	28	0.13181295005215
7	30	29	0.12785856155059
7	31	30	0.12402280470407
7	32	31	0.12030212056295
7	33	32	0.11669305694606
7	34	33	0.11319226523768
7	35	34	0.10979649728055
7	36	35	0.10650260236213
7	37	36	0.10330752429127
7	38	37	0.10020829856253
7	39	38	0.097202049605653
7	40	39	0.094285988117483
7	41	40	0.091457408473958
7	42	41	0.08871368621974
7	43	42	0.086052275633148
7	44	43	0.083470707364153
7	45	44	0.080966586143229
7	46	45	0.078537588558932
7	47	46	0.076181460902164
7	48	47	0.073896017075099
7	49	48	0.071679136562846
7	50	49	0.06952876246596
7	51	50	0.067442899591982
7	52	51	0.065419612604222
7	53	52	0.063457024226096
7	54	53	0.061553313499313
7	55	54	0.059706714094333
7	56	55	0.057915512671503
7	57	56	0.056178047291358
7	58	57	0.054492705872617
7	59	58	0.052857924696439
7	60	59	0.051272186955546
7	61	60	0.05
7	62	61	0.05
7	63	62	0.05
7	64	63	0.05
7	65	64	0.05
7	66	65	0.05
7	67	66	0.05
7	68	67	0.05
7	69	68	0.05
7	70	69	0.05
7	71	70	0.05
7	72	71	0.05
7	73	72	0.05
7	74	73	0.05
7	75	74	0.05
7	76	75	0.05
7	77	76	0.05
7	78	77	0.05
7	79	78	0.05
7	80	79	0.05
7	81	80	0.05
7	82	81	0.05
7	83	82	0.05
7	84	83	0.05
7	85	84	0.05
7	86	85	0.05
7	87	86	0.05
7	88	87	0.05
7	89	88	0.05
7	90	89	0.05
7	91	90	0.05
7	92	91	0.05
7	93	92	0.05
7	94	93	0.05
7	95	94	0.05
7	96	95	0.05
7	97	96	0.05
7	98	97	0.05
7	99	98	0.05
7	100	99	0.05
7	101	100	0.05

